Genotype	SeedYield_India_2016_1	SeedYield_India_2017_1	SeedYield_India_2018_1	SeedYield_India_2021_1	SeedYield_India_2018_2	SeedYield_India_2018_3	SeedYield_India_2018_4
VI000020AY	2.9	10.5175	11.15	4.395	3.35	11.155	3.35
VI000099AG	9.13	10.85	20.25	3.065	2.925	20.23575	2.9
VI000105BG	4.3	16.9325	12.7	9.255	5.315	12.68833333	5.33
VI000164BG	NA	10.1125	7.35	7.23	1.36	7.37	1.37
VI000170B-BR	13.43	9.393333333	16.9	3.96	2.515	16.9025	2.53
VI000175BY	7.59	11.6625	15.8	4.01	3.365	15.78166667	3.38
VI000188A-BLM	5.945	8.3	24.05	4.91	6.65	24.037	6.65
VI000203B-BR	6.15	8.966666667	5.9	3.385	0.6	13.84	0.19
VI000212A-BLM	1.66	6.943333333	NA	3.78	4.33	NA	4.31
VI000232AG	3.44	9.34	17.4	10.235	2.43	22.48333333	2.41
VI000238AG	4.35	8.5625	13.7	6.61	1.75	18.08	1.75
VI000253AG	3.46	9.38	18.8	8.18	0.965	18.80125	1.25
VI000316AG	1.62	10.7275	12.6	9.495	1.25	12.6	2.65
VI000317BG	5.93333333333333	11.0925	15.1	3.28	2.65	15.102	10.85
VI000319AG	7.455	7.9275	18	4.88	10.85	17.98	4.41
VI000380AG	9.28	11.33	15.15	6.15	4.43	15.16125	4.61
VI000461BG	4.85	15.23	20.3	9.16	4.63	20.27	7
VI000470AG	7.095	16.07	13.3	2.375	7	13.27	4.85
VI000532BG	9.18333333333333	13.21	15.6	9.255	4.85	15.64	1.31
VI000537BG	5.54666666666667	13.86	19.95	7.725	1.33	19.965	3.68
VI000542BY	6.25	11.54666667	5.85	5.72	3.665	5.87	1
VI000551AG	1.80333333333333	12.67	15.35	13.205	0.75	15.35875	1.55
VI000554AG	4.345	12.845	21.4	9.18	1.55	21.41	7.35
VI000559AG	1.43	12.405	34.2	7.925	7.35	34.20833333	1.25
VI000578AG	3.685	9.67	11.85	4.9	1.25	11.815	1.45
VI000589B-BR	5.18	6.8725	18.75	3.935	1.13	18.75833333	1.11
VI000616BG	1.26	14.92	11.45	7.82	1.25	11.455	1.15
VI000618AG	8.12	12.14666667	21	5.17	2.63	20.96	1.5
VI000625B-BR	3.05333333333333	9.235	7.4	4.98	2.015	19.9375	2.61
VI000680AG	6.97333333333333	10.2975	22.35	5.26	2.43	22.34375	1.83
VI000723AG	7.2375	12.185	18.95	5.39	6.365	18.9375	2.23
VI000732AG	4.54666666666667	10.32	17.5	6.315	1.75	17.5	2.41
VI000735BG	5.19	12.1625	13.35	9.78	2.15	13.35	6.38
VI000736AG	7.02	11.16	24.4	3.555	1.75	24.397	1.75
VI000749AG	8.07	7.34	19.1	7.185	1.05	19.11666667	2.15
VI000764AG	4.485	10.51	2.7	6.595	4.165	2.686	1.75
VI000766BG	4.39	13.6675	16.7	6.25	3.965	16.65875	1.05
VI000805BG	5.93333333333333	16.12	8.5	9.105	2.83	8.51	4.18
VI000815BG	13.5533333333333	14.985	19.55	13.375	3.265	19.55625	3.98
VI000818BG	3.74666666666667	11.24666667	14.55	7.45	2.45	14.5	2.81
VI000852AG	5.9925	16.85	21.4	11.425	1.53	21.37	3.28
VI000938AG	4.285	16.285	20.2	7.2	2.23	14.4	2.45
VI000942AG	6.495	10.65	23.6	7.105	5.95	23.575	1.51
VI000953AG	3.01	12.74333333	10.7	2.26	3.03	10.72	2.21
VI000981BG	9.945	9.903333333	18.4	3.325	1.965	18.41875	5.95
VI001023BG	1.61	16.24	18.35	1.76	3.65	18.34	3.01
VI001066BG	4.97	13.36	7.8	1.225	4.315	7.75	1.98
VI001096AG	4.215	15.53666667	18.3	4.015	2.93	18.29125	3.65
VI001124AG	17.55	16.0275	15.2	5.145	2.7	15.225	4.33
VI001126BG	15.14	12.2	NA	2.525	0.3	NA	2.91
VI001162AG	1.74	8.723333333	NA	4.765	0.78	NA	2.7
VI001191BG	4.32	15.9125	11.8	8.665	4.08	11.84	0.3
VI001211AG	7.5	12.8375	18.95	5.28	1.6	18.94	0.76
VI001221AG	7.00666666666667	11	14	NA	2.545	14	4.06
VI001244AG	2.84666666666667	15.3525	16.7	1.545	1.98	16.67916667	1.6
VI001268BG	6.08666666666667	11.66666667	18.8	2.11	6.565	18.8	2.54
VI001282AG	6.15	14.81	23.8	11.405	1.45	23.807	1.96
VI001284AG	5.8875	11.185	12.2	9.36	8.065	12.20666667	6.58
VI001339AG	9.14	19.28	22.45	4.14	4.165	22.47	1.45
VI001385AG	6.62666666666667	12.5575	19.45	NA	0.865	19.4805	8.08
VI001400AG	8.99	13.64	20.95	4.5	1.25	20.925	4.18
VI001403BR	NA	9.6725	10.6	2.5	0.3	10.60625	0.88
VI001406BG	4.11333333333333	15.6375	18.9	7.645	3.23	18.92	1.25
VI001408BG	8.515	13.2475	21.35	8.65	0.8	21.325	0.309
VI001411AG	3.24333333333333	13.92	20.9	NA	1.03	20.875	3.21
VI001412AG	11.105	11.93	21.15	6.035	2.43	21.125	0.8
VI001419BG	3.30666666666667	13.39666667	28.95	10.15	0.765	28.928	1.01
VI001435AG	4.69	13.1125	2.6	7.895	4.23	22.98	2.41
VI001448A-BLM	9.53	9.92	15.3	8.555	2.95	15.3	0.78
VI001471AG	4.47	7.33	17.35	6.14	3.9	17.36	4.21
VI001482BG	7.085	14.9325	18.6	3.86	4.665	18.55625	2.95
VI001490AG	8.95333333333333	12.165	21.95	7.31	2.95	21.9625	3.9
VI001509AG	1.9525	11.175	5.9	6.705	1.565	5.91	4.68
VI001514AG	7.25	7.78	22	7.835	3.715	21.985	2.95
VI001520A-BLM	4.63333333333333	16.20666667	NA	8.165	1.85	NA	1.58
VI001533BG	5.51	13.4	6.3	4.98	0.45	6.27	3.73
VI001535BG	4.90666666666667	13.6725	16.2	4.02	4.23	16.228	1.85
VI001539AG	1.67	12.14	11.55	7.25	0.925	11.57833333	0.45
VI001548AG	4.38	11.2425	15.9	6.535	2.55	15.875	4.21
VI001556BG	NA	8.435	NA	1.84	0.5	NA	0.9
VI001557BG	3.6225	10.835	26.8	7.805	5.33	26.82166667	2.55
VI001562AG	5.1075	17.56333333	15.4	8.54	2.965	15.44041667	0.5
VI001576BG	6.11	11.245	23.5	3.25	2.23	23.45833333	5.31
VI001579BG	5.94	17.73	17.9	14.585	2.615	17.875	2.98
VI001605BG	7.38	14.3225	9.2	4.73	3.64	7.725	2.21
VI001612AG	6.46	10.5325	7.4	4.705	1.83	7.655	2.63
VI001628AG	10.92	12.75666667	18.15	6.805	1.33	18.17166667	3.63
VI001651BG	11.88	10.21	7.6	4.1	2.465	7.263333333	1.81
VI001652BG	3.48	15.66	17.85	2.53	4.65	17.84166667	1.31
VI001654BG	2.79	12.08333333	18.9	6.74	0.63	18.908	2.48
VI001678BG	4.5475	11.4	19.1	4.67	0.965	19.1325	4.65
VI001692AG	3.22	13.58	14.4	8.31	3.95	14.37125	0.61
VI001698BG	12.3166666666667	12.09666667	15.5	5.085	4.33	15.475	0.98
VI001728AG	7.96333333333333	11.265	NA	8.915	2.765	NA	3.95
VI001733BG	4.81	13.94666667	22.15	7.035	2.4	22.15833333	4.31
VI001743BG	NA	14.19	18.9	4.3	2.75	18.8725	2.78
VI001756BG	2.835	9.3275	20.65	5.89	3.53	20.6175	2.42
VI001762A-GM	2.1775	8.2025	6.7	5.035	NA	6.6825	2.75
VI001806AG	1.25	8.12	3.8	6.45	1.35	3.7925	3.51
VI001806BG	2.165	11.0675	16.7	4.55	2.765	16.733	NA
VI001820BG	NA	14.0025	5.3	3.685	1.765	14.9	2.78
VI001859BG	3.25333333333333	12.75	19.95	4.84	1.85	19.94125	NA
VI001974BG	5.18666666666667	12.08	14.1	9.45	2.765	14.09375	1.78
VI001993BG	5.8725	15.9825	24	3.8	3.08	24.005	1.85
VI002009BG	4.33666666666667	11.2775	4.5	5.905	4.73	4.466666667	2.78
VI002012BG	4.07333333333333	15.67	22	6.985	4.63	21.995	3.06
VI002051BG	NA	13.055	16.2	4.55	2.965	16.2375	4.71
VI002063BG	3.11	16.515	10.6	2.75	3.5	10.604	4.61
VI002173AG	3.86	11.7125	16.75	9.895	2	16.7625	2.98
VI002173BG	7.74	6.6375	3	8.475	2.615	3.01	3.5
VI002176AG	7.99666666666667	11.4575	12.95	4.425	7.28	12.9125	2.63
VI002176BG	3.89333333333333	13.7475	20.45	6.72	5.98	20.442	1.99
VI002190BG	6.33666666666667	12.0075	20.7	7.565	4.715	20.73	5.96
VI002195AG	3.1	14.8675	18.6	8.83	2.2	18.6275	7.26
VI002197BG	6.44	10.1225	17.9	6.835	2.58	12.32	4.73
VI002206AG	14.28	17.135	16.15	4.79	3.115	16.16	2.2
VI002239AG	2.62	8.115	13.95	3.785	1.3	13.975	2.56
VI002274B-BL	6.52333333333333	15.91	22.55	NA	1.16	22.545	3.13
VI002284BG	NA	9.9725	10.4	4.4	0.7	13.92	1.3
VI002402BG	4.09	9.715	17.75	6.765	4.08	17.7145	1.16
VI002432AG	6.79	14.3025	15.85	5.41	3.8	15.8375	0.7
VI002437BG	5.28666666666667	13.985	13.6	8.89	1.9	13.59625	4.06
VI002456AG	5.21	13.195	14.8	5.62	1.93	14.585	3.8
VI002469AG	7.92333333333333	11.3125	13.1	5.735	2.365	13.056	1.9
VI002487AG	4.82	11.7675	19	4.29	1.2	18.9675	1.93
VI002523AG	2.75	10.755	20.55	2.08	5.5	20.51625	2.38
VI002529B-BL	NA	8.6675	17.9	6.405	0.65	16.82	1.2
VI002532AG	4.01	8.4725	7.65	6.37	1	7.628	5.5
VI002537AG	4.35	20.24333333	14.4	1.79	1.43	14.395	0.65
VI002569BG	2.555	17.73333333	19.35	1.87	1.18	19.353	0.98
VI002587AG	6.34	12.17	28.2	4.16	3	28.17291667	1
VI002611AG	5.9	14.42666667	21.45	10.82	3.38	21.448	1.41
VI002646AG	4.55333333333333	14.855	16.85	2.085	1.2	16.85	1.16
VI002647AG	6.8	12.29	21	4.065	1.1	21.025	3
VI002672AG	5.11	13.195	19.75	6.24	3.48	19.73533333	3.36
VI002739AG	3.07333333333333	10.0825	13.95	6.515	3.1	13.97125	1.2
VI002802A-BR	4.64	8.205	8.8	4.57	1.75	8.8125	0.547
VI002859BG	4.31333333333333	10.5475	20.6	5.92	1.2	20.6125	3.46
VI002860AG	9.79	8.485	17.05	2.825	2.98	17.07	3.1
VI002872BG	6.38333333333333	15.795	18.2	7.92	5.45	18.45	1.75
VI002877BG	3.37	17.58	16	4.49	2.815	15.96	1.16
VI002894B-BR	4.03	11.6275	16.85	6.035	1.8	16.85	2.96
VI002926AG	3.835	14.51666667	12.1	NA	7.865	16.0125	5.45
VI002934AG	5.24666666666667	11.755	5.5	3.855	1.565	5.5	2.83
VI002986AG	3.795	9.7	17.15	7.22	3.065	22.55	1.8
VI002993BG	5.935	14.23	11.4	9.485	1.33	26.6	7.88
VI002999AG	7.42	10.89333333	NA	5.315	1.75	NA	1.58
VI003019A-BLM	2.035	9.99	NA	3.62	0.98	NA	NA
VI003019BG	2.35	6.675	11.3	7.31	1.4	14.6	3.08
VI003034BG	4.27	16.405	22.8	4.14	0.63	22.79166667	1.31
VI003035AG	6.505	15.70333333	15.1	4.325	1.565	16.46875	1.75
VI003057BG	11.5666666666667	11.0475	12.95	6.14	0.76	17.9375	1.26
VI003062BG	6.78333333333333	14.75	18.75	4.26	1.95	18.76	1.4
VI003068A-BR	7.13	10.9775	5.7	4.575	2.73	18.36666667	0.61
VI003070AG	6.555	11.0425	14.2	3.475	2.1	14.16666667	1.58
VI003083BG	2.54333333333333	16.5075	21.6	7.725	1.05	21.585	0.76
VI003114AG	5.74	18.66	16.95	8.05	2.65	16.96	1.95
VI003135B-BL	6.07666666666667	8.98	10.8	8.68	3.265	10.75	2.71
VI003159AG	6.35	11.585	13.9	6.515	0.8	13.85	2.1
VI003172BG	2.76333333333333	9.3775	19.05	4.555	2.85	19.025	1.05
VI003181B-GM	2.51	11.3275	12.25	4.22	0.95	12.255	2.65
VI003183AG	0.62	11.9	22.15	3.66	1.95	22.15	3.28
VI003187BG	4.74	9.84	28.6	3.6	0.865	28.60375	0.3
VI003212B-BLM	3.9525	14.0625	4.6	5.74	2.85	19.39	2.85
VI003220AG	1.91666666666667	14.8175	21.75	NA	2.65	21.77375	0.95
VI003232AG	8.925	14.3	4.7	6.945	0.26	4.677	1.95
VI003235AG	6.785	15.48666667	11.8	6.385	0.13	11.82	0.88
VI003242AG	2.29	15.3425	11.9	NA	4.25	11.89	2.85
VI003251A-BL	8.68	17	9.15	7.075	2.565	9.17	2.65
VI003251A-BLM	5.11666666666667	14.6675	28.2	8.335	2.43	28.24	0.26
VI003252BG	3.625	11.15	NA	2.3	1.13	NA	0.13
VI003255AG	6.47	13.155	14.7	3.255	3.93	14.73	4.5
VI003276BG	2.72	7.386666667	NA	5.4	4.75	NA	2.58
VI003329AG	7.36	16.75	6.6	3.1	1.55	6.6	2.41
VI003332AG	5.815	11.72666667	19.2	3.53	0.95	19.21	1.11
VI003337BG	5.65333333333333	12.25	8.2	2.9	NA	8.2	3.91
VI003364AG	8.81	14.045	21.5	8.75	3.765	21.4875	4.75
VI003379BG	2.04	12.7775	15.25	2.34	0.765	15.25166667	1.55
VI003382BG	4.345	11.215	17.9	7.46	3.65	17.86666667	0.95
VI003407AG	4.54333333333333	11.5925	6.3	4.385	1.865	6.33	1.03
VI003413BG	9.71	9.0175	11.2	5.425	2.08	11.2	0.53
VI003440AG	3.78333333333333	8.4725	23.8	4.22	3.18	23.82	3.78
VI003455AG	3.90666666666667	10.0425	8	4.8	1.815	8.011666667	3.65
VI003456AG	NA	10.46	5.8	5.9	0.38	5.79	1.88
VI003465BG	5.61666666666667	11.06	16.3	5.95	1.78	16.26	2.06
VI003470BG	4.66	9.47	18.9	7.76	4.98	12.85	3.16
VI003480BG	3.56	13.7625	18.35	8.45	4.115	18.36833333	0.36
VI003490AG	6.58666666666667	16.08666667	10.4	6.795	2.3	10.37	1.76
VI003493BG	3.795	8.9075	17	4.82	0.46	16.9625	1.83
VI003514BG	3.05666666666667	13.5075	8.4	6.015	3.08	8.4	4.96
VI003517BG	2.6	14.795	4.5	3.61	0.78	4.533333333	4.13
VI003534AG	8.22333333333333	18.8625	9.45	4.34	0.5	12.225	2.3
VI003534BG	6.1925	20.95	17.9	7.41	6.48	17.9	0.46
VI003548AG	5.47	17.5	NA	4.85	4.9	NA	NA
VI003554AG	7.08	12.92666667	7.4	3.64	0.9	7.43	0.76
VI003560BG	5.84	14.76	NA	5.235	1.865	NA	0.03
VI003563A-BR	8.11333333333333	12.815	22.1	2.96	4.9	22.08625	6.46
VI003577AG	6.13	18.1	10.15	3.925	0.58	10.16	0.9
VI003602AG	6.55	12.44	17.5	6.97	1.9	17.48	1.88
VI003642AG	3.41	15.25666667	22.2	7.14	2.2	22.19375	4.9
VI003648BG	13.64	11.5575	14.35	7.025	0.78	14.32916667	0.56
VI003658BG	3.665	18.15	NA	9.935	0.7	NA	1.9
VI003664AG	3.7375	10.7025	23.95	8.98	0.515	23.965	0.76
VI003678BG	4.01	8.326666667	NA	8.535	3.6	NA	0.7
VI003685AG	6.255	12.4375	13	6.065	0.515	12.9625	0.53
VI003699B-BG	2.82	19.55	NA	3.455	2.315	NA	3.6
VI003720BG	2.41666666666667	10.59333333	NA	4.64	1.65	NA	0.53
VI003725BG	3.37333333333333	14.6275	6.5	6.845	2.215	7.618	2.33
VI003733BG	7.22	9.883333333	9	10.975	0.6	9	1.65
VI003734B-BR	14.96	10.44333333	NA	10.75	0.55	NA	2.63
VI003734B-DG	7.74	12.7525	17.75	4.905	5.15	17.70625	3.03
VI003744AG	2.9	14.7175	12.8	8.58	NA	16.6	0.6
VI003755BG	7.435	14.34666667	10.8	8.855	1.5	10.81666667	0.55
VI003760BG	3.755	9.476666667	NA	6.42	4.4	NA	NA
VI003785BG	11.4733333333333	12.8575	19.7	6.47	3	19.6925	5.15
VI003795AG	4.59	15.4725	6.6	5.5	3.415	8.583333333	0.06
VI003801BG	3.88	13.8825	25.45	8.7	2.78	25.44375	1.5
VI003882A-BLM	4.19	13.51	16	5.435	4.115	11.044	3
VI003886B-BR	6.58333333333333	11.3025	15	10.05	2.8	15.03	4.4
VI003886BY	5.265	13.1	13.7	12.98	2.44	13.73	2.76
VI003893AG	NA	12.35	4.65	12.58	0.905	4.63125	4.13
VI003894B-BLM	1.865	11.35	NA	13.5	4.1	NA	2.43
VI003907AG	11.0333333333333	6.92	9.3	5.255	4.68	20.49375	2.8
VI003914AG	8.7825	14.8275	24	8.055	0.4	24.02	1.21
VI003925B-BLM	4.465	13.45	19.95	5.765	1.25	19.945	4.1
VI003927AG	3.265	13.76	10.3	8.325	1.815	10.31	4.66
VI003929A-BL	2.02	13.5	NA	4.12	1.615	NA	0.4
VI003942AG	8.92	8.62	8.45	5.045	1.8	8.46	1.25
VI003944B-BR	5.42	15.08333333	13.6	3.625	2.85	13.575	1.83
VI003947B-BR	10.82	12.685	13.9	4.33	1.53	13.8925	1.63
VI003948B-BR	2.3	9.0775	13	5.34	3.115	13	1.8
VI003951AG	5.92333333333333	12.265	19.6	9.3	4	19.585	2.85
VI003954BG	1.79	9.24	7.5	11.415	1.815	26.896	1.51
VI003957AG	3.2775	16.24	17.75	10.28	6.5	17.735	3.13
VI003958B-BLM	5.1125	10.06333333	16.15	5.15	3.615	16.135	4
VI003959BG	4.84333333333333	11.0275	15.1	7.185	1.83	15.075	1.83
VI004006A-GM	2.99	11.7475	NA	9.815	0.9	NA	6.5
VI004010AG	4.38	11.2	19.55	5.57	1.61	19.56	3.63
VI004024AG	11.33	9.823333333	17.1	16.97	1.18	17.49166667	1.81
VI004044BG	2.94333333333333	11.115	14.05	7.375	1.315	14.035	0.9
VI004045A-DGM	5.04	15.385	31.45	4.585	8.165	31.4475	1.62
VI004048A-DGM	7.46666666666667	11.2275	4.6	6.535	5.715	4.63	1.16
VI004069BG	9.04	19.55	7.5	5.65	3.615	7.52	1.33
VI004096AG	3.59	10.6425	10.9	4.3	0.815	20.91666667	8.18
VI004096BG	6.235	10.6	NA	7.28	0.4	NA	5.73
VI004129A-BLM	1.96	6.1425	15	1.61	1.895	14.96	3.63
VI004138BG	7.56	12.28	19.5	7.71	1.05	19.48583333	0.4
VI004145B-BLM	1.62	10.45	8.5	9.445	1.33	8.516666667	0.83
VI004184AG	3.85666666666667	10.5575	20.3	12.415	1.23	13.56666667	1.895
VI004243B-BR	2.60666666666667	9.7975	21.3	6.3	1.315	NA	NA
VI004244B-BR	1.85666666666667	7.42	9.6	5.17	0.33	NA	NA
VI004297AG	2.93333333333333	8.6975	13.75	5.19	0.965	13.75416667	1.21
VI004302AG	4.87	6.4425	13.85	6.255	4.1	13.87	1.315
VI004307AG	2.205	9.8425	10.95	6.16	4.665	10.95	0.13
VI004312AG	8.495	8.503333333	10.7	5.565	2.23	10.68125	0.98
VI004347B-BLM	1.905	8.8275	8.2	5.78	1.865	8.156	4.1
VI004351AG	4.83	7.633333333	15.9	7.045	1.635	15.9	4.68
VI004423AG	1.49	7.7275	12.5	8.25	1.765	12.4945	2.21
VI004432B-BR	7.73	7.95	17.6	4.51	0.365	17.59166667	1.88
VI004480AG	0.74	9.1	14.7	7.51	2.45	14.72	1.62
VI004639AG	3.21333333333333	12.03	14.7	5.235	1.45	14.71	1.78
VI004666AG	7.91	14.935	16.7	3.52	1.1	16.7	0.38
VI004691AG	6.96	7.225	15.2	15.625	0.5	15.2	2.45
VI004694BG	3.345	12.68	11.4	10.24	2.93	11.39033333	0.43
VI004710AG	2.87	10.01	14.2	4.145	1.25	14.17833333	0.5
VI004734AG	8.68	4.85	15.65	6.45	0.5	20.95	2.91
VI004743AG	11.23	12.115	8.8	4.5	0.45	8.75	1.25
VI004789BG	5.035	10.555	16.25	5.305	4.38	16.265	0.5
VI004810BG	15.065	12.5125	18.8	3.92	1.53	18.8	0.6
VI004811BG	2.96666666666667	12.9475	20.3	5.73	5.15	20.26	4.36
VI004822BG	4.85666666666667	9.9025	23.45	5.575	1.4	15.98	1.51
VI004838AG	3.29	9.57	18.9	6.81	2.115	18.85	5.15
VI004842AG	NA	11.28	19.9	7.525	4.08	19.89666667	4.06
VI004853BG	3.7475	10.1125	19.75	7.035	3.38	19.76	2.13
VI004871BG	11.4733333333333	9.5725	18.35	5.71	4	NA	NA
VI004877AG	6.315	13.6975	13.1	6.92	3.05	NA	NA
VI004915BG	6.8775	16.4725	16.95	4.315	4.75	16.9575	3.05
VI004931AG	5.355	9.53	16.4	6.165	4.15	16.38	4.75
VI004933AG	2.47	9.955	28.3	7.525	1.6	28.275	4.15
VI004934AG	7.67	14.8375	29.6	4.845	3.63	29.5775	1.6
VI004937AG	7.275	12.125	16.9	13.18	2.65	6.55	3.61
VI004942BG	2.045	8.85	16.4	11.62	4.8	11.375	2.65
VI004954BG	3.345	14.14333333	17.3	11.225	3.15	12.3	4.8
VI004956AG	8.2	10.715	15.05	4.505	2.85	15.005	3.15
VI004957AG	5.5525	9.6775	21.25	12.8	4.53	21.22625	2.85
VI004958BG	4.065	12.4175	12.25	6.685	4.15	12.225	4.51
VI004965BG	3.515	12.51	17.15	8.28	3.75	17.1575	4.15
VI004968AG	1.24	10.93	16.75	6.38	3.08	16.7375	3.75
VI004969AG	7.96333333333333	11.8525	21.65	5.25	2.2	21.625	3.06
VI004973B-BLM	10.55	11.1925	21.75	10.65	5.265	21.7575	2.2
VI005022BG	3.425	10.64333333	6.7	4.255	0.6	6.7375	5.28
VI005024B-BL	6.39	17.28333333	9.2	6.5	NA	21.93	NA
VI005030BY	6.3	6.136666667	11	8.5	2.1	10.98333333	2.1
VI005041AG	10.005	15.245	15.4	8.105	9.98	NA	NA
VI005066A-GM	6.01666666666667	12.045	20.15	6.075	3.25	NA	NA
VI014178BG	4.77	4.95	NA	7.5	3.55	NA	3.55
