Genotype	DM_India_2017	DM_India_2018	DM_India_2021	DM_India_2018	DM_India_2019	DM_Bangladesh_2017	DM_Bangladesh_2019	DM_Bangladesh_2016	DM_Myanmar_2016	DF_India_2017	DF_India_2018	DF_India_2019	DF_India_2021	DF_India_2018	DF_India_2019	DF_Bangladesh_2017	DF_Bangladesh_2017	DF_Bangladesh_2019	DF_Bangladesh_2016	DF_Myanmar_2016
VI000020AY	63.25	64	100	57.5	52	69	72	72	76	38.25	38	53.5	50.5	41.5	34	46.5	45.5	50.5	43	39
VI000099AG	67.75	66.5	100.5	66.5	60	66	67.5	84	76	42.5	48	57	56.5	45.5	51	49	47.5	39.5	43	34
VI000105BG	65	67.5	92	55.5	57.5	65	59	70	73	36.25	36.5	49	48.5	38.5	38	36	48	48	38	33
VI000164BG	67.25	83	85	56.5	57	70	66	89	75	37.75	52	51	46	42	36	39.5	47	48.5	48	36
VI000170B-BR	69.75	63.5	91	58	52	70.5	74	76	72	38.5	28	45.5	46.5	39	38	39	47	36	43	35
VI000175BY	60	66.5	88.5	57	53.5	65	68	67	74	35.25	33	48	42	39.5	37	39	45	39	38	36
VI000188A-BLM	61	69	95.5	55.5	52.5	70	70.5	80	76	34	31.5	49	38.5	37.5	37	35.5	44	53	39	35
VI000203B-BR	71.75	67	94.5	56.5	NA	65.5	65	75	73	42.25	38	54	52.5	38	NA	49.5	47	38	45	38
VI000212A-BLM	69.75	NA	88	57.5	55.5	NA	52	86	81	39	58	56.5	49	40.5	43	NA	NA	31	45	51
VI000232AG	59.75	63.5	95	58	53	68	NA	65	74	32.5	33.5	48.5	46.5	38	42.5	35.5	45	33	37	35
VI000238AG	62	67	87	68	NA	72	61	89	76	33.25	32	56	40.5	46	51	44	46.5	48	47	38
VI000253AG	60.75	70	91	57.5	55.5	74.5	70	76	75	35.5	43.5	43	45.5	41	40.5	47	48	46	38	35
VI000316AG	62.25	72.5	90	59	61.5	70	70	89	78	36.75	38	56.5	48.5	43	41	36	46	52	46	37
VI000317BG	62	66.5	87	59.5	57	73.5	61.5	72	75	37.25	37.5	55.5	49	43	41.5	41	43.5	48	46	NA
VI000319AG	57.25	61	92	56.5	57.5	75	67.5	82	76	32.5	39	54	51	38	45	47.5	45	47.5	40	36
VI000380AG	66.75	65	101	57.5	55	67	63	62	74	38.25	36	45	45.5	41	41.5	37.5	NA	46.5	37	36
VI000461BG	61.75	63.5	91.5	57	60	75.5	76	70	74	38	34.5	57.5	50	39	55	40.5	47.5	50	41	NA
VI000470AG	62.25	64	94.5	56	60	68	56	76	75	35.75	38.5	51.5	48.5	40.5	45.5	36	44	40	40	37
VI000532BG	60.5	72.5	95	54.5	53.5	72.5	67	76	74	34.5	39.5	44	47.5	40.5	38	45	45	47	38	35
VI000537BG	65.5	65.5	94.5	55.5	58	65.5	60	82	75	43	38	48	48.5	43.5	44	50.5	44	37	45	35
VI000542BY	67.5	71.5	96.5	57.5	59.5	69	66	80	81	41.75	38	56.5	50.5	45	48.5	NA	46.5	49	52	50
VI000551AG	66.5	66.5	90	54.5	57.5	77	75.5	80	78	41	36.5	55.5	46	34	50	48.5	47	52	47	38
VI000554AG	65	65	84.5	56.5	57	71.5	70	70	78	39.25	38	56	50.5	41	37	50.5	43	49	34	38
VI000559AG	63.75	67.5	94	58.5	56	74	70	72	76	38	39.5	51	44	43	41.5	49.5	45.5	47.5	42	38
VI000578AG	67.75	75.5	87.5	65	56	75	69.5	80	78	44.5	52	58	56	43	38	50	45.5	47	53	38
VI000589B-BR	66.25	65	92.5	57.5	52	70	63	76	74	38.5	32.5	52.5	43.5	39	37	42.5	46.5	42	37	36
VI000616BG	60.5	65	91	56	57	73	55	75	73	37.25	38	53.5	48	41	NA	47	44	46	41	36
VI000618AG	62.6666666666667	68	95	55.5	54	75	65	76	75	36.25	22	47.5	46	35.5	39	35.5	45.5	42	41	33
VI000625B-BR	58.25	68.5	91	58.5	55.5	65	68.5	72	72	30.25	31	48.5	46	40	42.5	49.5	NA	51	36	33
VI000680AG	62	66.5	92	54.5	54.5	69	60.5	72	75	34.25	37.5	43	45.5	41	38.5	45	47	43	39	34
VI000723AG	67	62	86.5	57.5	56.5	75.5	62.5	65	75	39	35	45.5	38	40	40.5	47.5	43.5	39.5	48	35
VI000732AG	67	68.5	94	59.5	55	71	63	76	76	37	39	57.5	48.5	41	37.5	42.5	46.5	46.5	38	34
VI000735BG	65	68	91	56.5	52	NA	65.5	80	74	34.5	38	50.5	46	37	35.5	38.5	46.5	43.5	45	48
VI000736AG	63	65	103	58.5	55	72	68	65	76	39	33.5	49.5	46	37.5	37	42	47.5	48	41	36
VI000749AG	67	75	98	54	60.5	74.5	60	85	76	39.5	50.5	54	48	44.5	49	45.5	45	47.5	55	38
VI000764AG	62.5	85	98	55	60	67	71	82	76	38.75	58	50	45.5	37.5	53	41	44.5	49	36	35
VI000766BG	64.5	65	91.5	54	52	65	66.5	65	74	36	35	52	48.5	35.5	34.5	36	48.5	36	37	37
VI000805BG	64.25	65	91.5	57	53.5	72	71.5	70	75	35.25	34	48	44	41	36	36	45	48.5	36	40
VI000815BG	65.5	65	92	67	53	68	69	65	74	35.5	33.5	45	46.5	41	37.5	36.5	46	32	36	38
VI000818BG	61	68	93	54.5	50	69	64	77	73	33.25	32.5	49.5	46.5	37	39	37	46	42	37	36
VI000852AG	62.6666666666667	65	101	61	55	75	58	73	75	35.75	35	53	47	44	41	41.5	47	37	39	34
VI000938AG	62.25	68	94	57	54	74	56	80	76	35.25	36.5	46	40.5	39	40.5	48.5	46.5	45	45	37
VI000942AG	63.75	65.5	103	56.5	55	73	67.5	72	75	40.5	31.5	57.5	41.5	38.5	34	47.5	48	47	37	35
VI000953AG	63.75	63.5	99	61.5	56.5	69	76	76	74	38.75	33.5	43	46	43.5	45	37	46	52	41	35
VI000981BG	60.75	66.5	95.5	57.5	53.5	67	63	65	73	34	36.5	48.5	44.5	34	39.5	37	45	45	39	35
VI001023BG	62.75	66	101.5	56	53	71	68	76	74	34.5	34	47	45	41	41	37.5	44	47.5	36	38
VI001066BG	68	NA	101	56	62	67	72	89	79	45.5	51	50.5	43.5	39	50	NA	48	52	47	38
VI001096AG	67	64	94.5	57.5	55	67	65.5	65	75	37	37	53	53	40	42	41	44	40	40	37
VI001124AG	67	63.5	103	54.5	53	70	61	65	74	36.75	34.5	47	47.5	37.5	43	37.5	45	40	41	35
VI001126BG	71	NA	95	57	55	NA	61	87	80	47.3333333333333	48	52.5	46.5	41	41	51	48	40	47	35
VI001162AG	68.6666666666667	NA	101.5	60	NA	66	62	NA	79	42	NA	57	49.5	38	NA	48	45	49	NA	45
VI001191BG	64.75	63.5	92.5	60	51.5	66.5	64	67	73	36.25	33.5	50.5	54.5	33	36	40.5	44	51	41	35
VI001211AG	65.25	66.5	94.5	55.5	57	69.5	68	72	75	40.5	38.5	56	53	37.5	37	43	45.5	46	41	38
VI001221AG	62.75	63.5	NA	55	56.5	67.5	71.5	65	75	36.25	35.5	51.5	NA	37	40.5	41	45	47	39	35
VI001244AG	65.5	60.5	98.5	57	57	67.5	71.6	72	75	35.75	33	50.5	48	41	35	45.5	43.5	47.5	45	35
VI001268BG	68.75	66.5	93	54.5	56	68	58.6	65	74	36.5	32	48	47.5	37	40.5	40	46	36.5	34	38
VI001282AG	64.5	68.5	89	59	54	68.5	66.5	70	75	34.75	42	56	42.5	36.5	42.5	45	44.5	51	37	33
VI001284AG	63.25	62	100	54.5	52.5	69.5	65.5	70	73	36	35.5	52.5	42	35.5	36	39.5	48.5	43.5	45	36
VI001339AG	64	67	93	57	59.5	68	69.5	72	76	39.25	36	50	48.5	36	46	43	46.5	50.5	41	35
VI001385AG	66	83.5	NA	55	61	73	71.5	80	79	41.75	51	54	NA	43	40	47	48	45.5	53	45
VI001400AG	69.25	62	100	60.5	59	71	62	80	75	44	42.5	51.5	47	38.5	46	38.5	44.5	47	43	38
VI001403BR	70	63.5	102	61	51	69	62	70	77	42.5	37.5	58	56	41.5	33	49.5	47	48.5	38	40
VI001406BG	63.25	75	92.5	57.5	57.5	70	72.5	80	75	36.75	42.5	53	44	40	44	49.5	48.5	53.5	42	34
VI001408BG	63.5	65	93	65	50	69	77	79	73	31.75	31	43.5	43.5	43	36	47.5	44	53	39	37
VI001411AG	65.5	69	NA	60.5	63	71.5	67.5	77	76	41.75	42	NA	NA	46.5	59	45.5	48.5	37	55	38
VI001412AG	65.25	66.5	97.5	60	53.5	66.5	73	82	76	42	39.5	53	41.5	41.5	37.5	47.5	48	51	46	38
VI001419BG	71.3333333333333	66.5	96.5	67	60	70	73.5	76	76	43.25	33.5	55.5	51.5	34	52	45	48	51	40	35
VI001435AG	63	77.5	98.5	55.5	58	69	57.5	85	76	36.75	40	46	48.5	40.5	37	46	44	31	56	35
VI001448A-BLM	67	82	91	58.5	55	73	71	78	80	38	58	54.5	46	44	40	34	46	51	38	48
VI001471AG	62	70	89	54.5	54	74	66	75	75	36.75	38	42	41.5	36	39.5	47	43	42.5	42	35
VI001482BG	65	67	98	66	55	68	72	76	74	38.75	32	44	47	40	35.5	39	44.5	52	38	38
VI001490AG	61.75	68	94	68	54.5	66	69	70	75	32.5	32	47.5	45.5	42.5	33	38.5	44.5	39	37	35
VI001509AG	62	77	93	60.5	56	71.5	67	80	76	36.25	50	48	48	44.5	33	41	46	46.5	41	36
VI001514AG	67.25	65.5	93	61	60.5	68	72	82	75	39	36.5	54	52.5	42	44	34	47	56	45	35
VI001520A-BLM	70	NA	91	55	53	69	69	NA	80	36.5	56.5	48.5	48.5	45	39	42.5	43.5	49	NA	48
VI001533BG	73.5	82	102.5	55	56	71	NA	NA	80	45.75	58	56.5	55	36	NA	52	45.5	NA	NA	38
VI001535BG	64	65	100	55	55	73	62.5	80	74	37.5	38.5	55.5	52.5	38	41.5	48.5	47	42.5	45	37
VI001539AG	69	76.5	94	59.5	56	70.5	75	78	78	42.25	48	58.5	52	40	42	50	45	53.5	36	40
VI001548AG	66.25	82	95	61	53.5	71	62	82	76	42.25	53.5	54.5	52.5	34	40.5	38	45.5	40.5	47	38
VI001556BG	66	NA	87	58	54	68.5	58	88	80	41.25	33	53.5	52	46.5	37	44.5	43	39	46	48
VI001557BG	62.25	65	97.5	56.5	54.5	71.5	62.5	76	74	37.25	36.5	54	48.5	40.5	42.5	48	45	44	43	38
VI001562AG	66	67	92.5	63.5	59	73	73.5	68	76	39.75	29.5	56	50.5	43	47	48.5	45	49.5	45	38
VI001576BG	67.5	66.5	85	55.5	57	71	67	67	74	37.25	37	50	50	38	36	45.5	46.5	47.5	37	38
VI001579BG	62.5	66.5	93.5	61	54	67.5	64.5	76	75	38.5	32.5	52	54	40.5	39.5	36	46.5	41.5	36	38
VI001605BG	62.25	68	95.5	58	55	65	65	76	73	36	43.5	53.5	45.5	36.5	38.5	37	44	43	44	35
VI001612AG	63.25	75	89.5	61.5	NA	65	68	82	76	38	39	56.5	48	43	NA	46.5	46	44	41	35
VI001628AG	63	66.5	85	55.5	59	72	73	78	76	33.25	32.5	49	52	37.5	NA	48.5	NA	53.5	47	38
VI001651BG	64	70.5	98	56	56	73	61	80	76	39	46	48.5	51	38	43	48.5	46.5	52	45	38
VI001652BG	66.6666666666667	68	101	56	53.5	75.5	74	85	76	42	38	46	46.5	39.5	38	47	44.5	51	37	38
VI001654BG	68	68	95	57.5	53.5	73	66.5	85	76	40.5	38	53.5	48.5	33	40	39	48	45.5	42	35
VI001678BG	63.3333333333333	63.5	90	59	55	65	61	65	76	34.5	33.5	49	49	32	42.5	35	NA	46	37	36
VI001692AG	63.25	66.5	94	55	56.5	71.5	66	68	76	35.75	34.5	54	52.5	38.5	46	44	46	42	41	36
VI001698BG	63.5	64	85	57.5	55.5	73.5	64.5	80	76	36	36.5	47.5	52	34	38.5	48	48	46	38	37
VI001728AG	68.75	NA	94.5	61	54.5	68	58	79	74	39.75	55	56	52	43	38	NA	45.5	47	41	37
VI001733BG	64.3333333333333	63.5	91	55.5	54.5	67	72	70	76	33	32.5	49.5	51	36	37	36	43	51.5	36	36
VI001743BG	72	62.5	94	58.5	60	73	69.5	82	76	39	36	57.5	51	40.5	NA	49	44	48	38	36
VI001756BG	60.5	64	93	58	56.5	71	67.5	76	76	32.75	32.5	53.5	52	41.5	37	47	48.5	39	52	38
VI001762A-GM	65	85	94.5	57	55	69	63	83	74	38.75	58	52	49.5	39.5	45	41.5	43.5	43	41	39
VI001806AG	69	69	96	57	61	73.5	60	89	78	42.5	53.5	53.5	51.5	43.5	51	44	46	40	47	40
VI001806BG	72	68.5	85	56.5	59	71.5	64	NA	75	42.5	48	47	50	37.5	50	40.5	46	45	NA	37
VI001820BG	67.5	66.5	94	60	NA	70	68.5	67	76	41	49.5	55.5	46.5	43	52	48	45	48	41	45
VI001859BG	71	68	85.5	52	53.5	69	68.5	65	76	42	34	44	46.5	34.5	40	41	46.5	49.5	38	38
VI001974BG	63.25	63.5	93	64	53	66.5	71	65	75	35.75	31.5	49	41.5	35	37.5	37	46	53	36	37
VI001993BG	63	67.5	93.5	54	54	68	64	75	75	35.75	33.5	46	45	41	36	38	45	49	45	37
VI002009BG	60	82	89.5	57	51	70	59.5	65	75	34.25	36	42.5	39.5	34	34.5	44.5	43	40	41	36
VI002012BG	64.75	63.5	88.5	54	53.5	75	58	72	75	35	33	46	46.5	36	38.5	45	46	37.5	41	36
VI002051BG	67.75	78	93	61	55.5	77	64	72	76	40.75	44	53	54.5	43	41	49.5	46	47.5	36	37
VI002063BG	64	69	87	54	58	68	70.5	70	78	37	37	50.5	41	42	43	50	47	44	43	43
VI002173AG	64.5	63.5	102	57	53.5	71	61	80	76	40.5	33	55.5	46.5	42	39	46	49	49	44	38
VI002173BG	59.5	71	90.5	54.5	54.5	NA	58	80	76	32.25	40	50	46.5	39	37	NA	44.5	37	37	34
VI002176AG	61.25	63.5	91	55.5	51	69	62	76	74	33	34	44.5	40.5	38.5	36	36.5	44	37.5	34	32
VI002176BG	64	62	94.5	54.5	55	67.5	72	73	76	37.75	32.5	54.5	48.5	36	41.5	34.5	46	38	34	34
VI002190BG	63.5	68	87	54.5	59	71.5	72	70	76	39	36.5	46	45.5	38.5	48.5	47.5	46	52.5	41	34
VI002195AG	63.75	65	95	54.5	55.5	65.75	70.5	66	75	35.5	35	50	49	40.5	39.5	39	45.5	50.5	48	35
VI002197BG	61.25	65	94.5	53.5	52	66.5	68.5	65	75	35.25	35.5	49.5	48.5	35.5	38	33	48	48	35	36
VI002206AG	62.25	62	94	55	58	72	61.5	65	74	33.25	33	47.5	44	39.5	48	38	46	36	37	35
VI002239AG	59.75	66.5	90.5	55	59	65	56	70	76	32.5	37.5	49.5	39.5	40.5	45	34	NA	43.5	36	33
VI002274B-BL	64.75	68.5	NA	57	59	69	66.5	70	74	33.25	30.5	52	NA	41	54	NA	NA	44	39	33
VI002284BG	66.75	68	84.5	56	60	75	64.5	76	76	39.75	35.5	42	47.5	36	43.5	NA	NA	49.5	57	38
VI002402BG	66.5	62.5	93.5	55.5	55.5	74	66	70	79	40	36.5	50	48.5	37	41.5	46	NA	45.5	39	45
VI002432AG	65	62	85	56.5	52	70.5	65.2	76	76	37.25	36	54	48.5	39	NA	47	48	40.5	37	38
VI002437BG	60.75	66.5	105	57	53.5	64.5	58	70	76	34.25	33	47	46	33	38.5	36	48.5	47	35	34
VI002456AG	62.5	62.75	91.5	55	53	69	52	65	76	35.25	33.5	47	51	37.5	32	38.5	NA	36	39	38
VI002469AG	64.25	65	96	60.5	54	74.5	57	76	76	39.25	40.5	51	49	44.5	35	48.5	44.5	42	49	37
VI002487AG	63.75	66.5	85	55.5	60	70	64.5	80	76	37.5	35.5	47	49	39	44	41	46	47.5	41	34
VI002523AG	66.25	68.5	94.5	58.5	57.5	72	69	73	76	40.5	36	53.5	52.5	40.5	44	44.5	NA	49	42	38
VI002529B-BL	71	78	86	60	53	NA	63	NA	79	43.5	45	58.5	48.5	48.5	38	NA	45	37	NA	47
VI002532AG	62.75	70	93	57	56	72	61.5	82	76	34.5	38	48.5	48.5	38	41.5	46.5	46.5	44	44	38
VI002537AG	70.3333333333333	63.5	85	55	54.5	74	56	65	76	41.75	32.5	50	51.5	40.5	43	39.5	45	47.5	37	35
VI002569BG	72	66.5	99.5	56	59	68.5	61.5	68	76	44.5	41	45	51.5	43	45.5	43.5	44	42	35	38
VI002587AG	67.3333333333333	65.5	93.5	57.5	53	64.5	62	76	76	35	36.5	44	51.5	39.5	42	40	47	46	42	36
VI002611AG	64	66.5	94	56	59	71	63	65	79	36.5	43	56	52	39	42.5	47.5	46.5	44	39	45
VI002646AG	65.75	62	102.5	63.5	55	67.5	67	76	76	37.75	43.5	52.5	48	42	42	44.5	49	53	44	38
VI002647AG	65.5	64	95	60	58	72	69	76	76	39.75	35.5	41	45.5	43	46.5	41	43	43	37	35
VI002672AG	66.25	65.5	102.5	63.5	58	NA	63	70	76	40.25	43	53	54	43	42	NA	48.5	43.5	45	38
VI002739AG	63.25	63	93	58.5	58.5	74	69.7	76	76	39	33.5	50.5	43	39.5	43	44.5	45	49.5	43	36
VI002802A-BR	59.5	66.5	91.5	56.5	55.5	66	72	65	76	32.75	38	43.5	40.5	40	40.5	33.5	NA	55	35	36
VI002859BG	61.75	63.5	85	54	55.5	75	64	70	76	36.5	39	51	46.5	37.5	44.5	47.5	42	40	43	36
VI002860AG	60	66	89	55.5	54.5	69	61	68	74	32.25	35.5	47	39	37.5	36	33.5	42	40	36	33
VI002872BG	60.25	66.5	91	55	52.5	65	63.5	67	74	35.25	36	47	46	37	38	38.5	43.5	37	38	35
VI002877BG	62	65	93	54	54	67.5	58.5	86	74	31.75	37.5	48	47.5	37	39	35.5	47.5	40.5	47	36
VI002894B-BR	61.5	65	95	53	53.5	NA	67.5	72	73	34.75	37.5	46	47.5	41.5	34	43.5	45	48.5	39	33
VI002926AG	63.5	63.5	102	59.5	55	74	68.5	80	76	35.75	38	54	51.5	43.5	41	47.5	46	53	43	36
VI002934AG	62	84	93	59	55.5	69	66	80	76	32	54.5	47.5	52	42	41	45	46.5	49	40	35
VI002986AG	71	69.5	102.5	56	55.5	73.5	64	80	79	39	38	47	52	39.5	38	45.5	48.5	44.5	37	45
VI002993BG	66	67	92.5	57.5	53	64	69.7	80	76	35.75	36	47	46.5	37.5	39	34	43	35	45	38
VI002999AG	66	NA	85.5	58.5	NA	69	69	NA	80	37	NA	54	54	44	NA	52	45.5	44	NA	48
VI003019A-BLM	67	66	93	57.5	53	68	67.5	81	74	35.5	40	46	43	39	37	45	46	39	48	37
VI003019BG	69.25	68	85.5	59	60	73	72	70	76	38.25	55	49	46.5	43.5	44	47.5	46	49	52	37
VI003034BG	61.5	63.5	98.5	57	54	NA	72	82	76	35.75	36	50	45.5	41	40	48.5	44.5	49.5	48	38
VI003035AG	65	69	85	60.5	54.5	65.5	76	76	76	37.5	42.5	55	46.5	42	43.5	NA	46.5	55	43	38
VI003057BG	66.5	77.5	100.5	59	NA	74	74.5	80	76	41	49.5	53	43	42	59	49.5	46	54.5	49	38
VI003062BG	69.3333333333333	73.5	98	65.5	NA	NA	66.5	82	80	37	45	58	52.5	44	64	50	46.5	48.5	39	47
VI003068A-BR	70.75	73	98	57.5	61	71	69	73	80	44.5	51	57.5	56.5	39.5	43.5	41	45.5	51	42	48
VI003070AG	68.75	72	85	59.5	57.5	NA	72.5	73	75	37.25	39	47	47.5	43	46	48.5	47	51.5	40	35
VI003083BG	66.75	66.5	92	57.5	56	72	59	76	80	37.75	44	55	48	41	37.5	46.5	46.5	37	48	48
VI003114AG	65.75	67.5	94	57.5	57.5	73	71	76	76	39	44	54	53	40.5	45.5	47	44	51	42	35
VI003135B-BL	62.5	64	93.5	56	57.5	68.5	70.5	60	78	36.25	35.5	51.5	45	41	48	NA	46.5	47.5	41	46
VI003159AG	68	66.5	94	57.5	59	NA	60	80	79	44	39.5	56	54.5	42	48	40	44.5	45.5	38	45
VI003172BG	68.75	69	93	58.5	55.5	68.5	59	80	74	37.75	39.5	48.5	46	41.5	41	42	46	39	42	37
VI003181B-GM	64	70	89.5	55	60	65	67.5	86	74	36.25	39	53	40.5	41.5	53	36.5	44.5	44	48	36
VI003183AG	70.5	65.5	96	55	53.5	NA	60	NA	80	39.75	37.5	49	51	38	30	40.5	49	43.5	NA	48
VI003187BG	64.25	66	85	60.5	53.5	72	55	70	74	37	29.5	52.5	49.5	38.5	41	39.5	44.5	38	38	38
VI003212B-BLM	61.5	64	92.5	58.5	58	70	65.5	75	76	35	39.5	45.5	42	42.5	44.5	44	45	46.5	41	35
VI003220AG	62.5	63.5	93	56	56.5	NA	68	75	76	34.5	37	57.5	57	39	42.5	45	NA	44	44	35
VI003232AG	72	83	98.5	59.5	58.5	71.5	66.5	87	78	42	52	NA	52	42	46.5	47.5	45	46	46	40
VI003235AG	70.3333333333333	75	93	58	NA	71	56	76	78	46.5	54	19	52	40	NA	34	46	35	45	38
VI003242AG	62.5	66.5	85	57	54	65	56	65	74	34.25	34	54.5	49	37	40	40	44.5	42.5	37	33
VI003251A-BL	68	82	100	54	53.5	68	62	76	76	41.5	53.5	45	47	40	38.5	38	46.5	45	54	38
VI003251A-BLM	64.5	65	91	57	54.5	71	62	76	76	37.25	33	54.5	52	39	37	46	44.5	48.5	41	37
VI003252BG	70	NA	84.5	63	54	NA	55.5	86	80	39	48	54.5	51	47.5	36.5	44.5	46.5	33.5	46	48
VI003255AG	67	82	94	67	58	68	61.5	76	78	40.5	48	53	50.5	43.5	35	NA	44	39.5	41	38
VI003276BG	72	NA	94	55	56	NA	74	75	74	43.75	37	47.5	52	36	41.5	52	46.5	50	36	38
VI003329AG	70.5	73.5	85	60	60	68	65	86	80	40	52.5	59	52	36	50	37.5	43	47	45	48
VI003332AG	70.5	62	100.5	58	57	74	69	66	74	43.5	34	42.5	48	38	43	39.5	46	49	35	34
VI003337BG	72	82	89.5	56	53	69	62	86	80	44	55	54	46	44	38	35	47	40	46	48
VI003364AG	62.5	67	92	53.5	50.5	64.5	60	65	74	33	31	47	41.5	35	37	33.5	45	39.5	37	35
VI003379BG	65.5	79	85	63.5	53	NA	67	76	80	36.25	49.5	56	56	44.5	38	46.5	46	48	33	48
VI003382BG	63.5	61.5	90	60.5	60.5	71	69	82	73	36	42	56	48.5	38.5	49	46	47	50	45	37
VI003407AG	67.75	68	94	60	60.5	69	66	72	79	40	37	53	41	45.5	49	44.5	46	46.5	48	45
VI003413BG	64.5	65	97	55	58	69	68	73	74	35.75	31	47.5	51	34.5	41.5	41	45	51.5	45	39
VI003440AG	66.75	68	91	60	58	71.5	65	80	78	36.75	37.5	57	52.5	41	49	46	46	49	53	38
VI003455AG	69.75	71	103	56	60	70	58	80	76	41	38	51.5	46	40	47	52	48	42.5	41	38
VI003456AG	66	88	95	59.5	55	74	61.5	88	80	37.25	53.5	56	56	45	NA	50	NA	42.5	46	48
VI003465BG	68.5	63.5	92	58	56	74	68.5	87	80	39.75	35.5	55	52	40.5	35	48	45	49	56	48
VI003470BG	65.5	63	94.5	55.5	53	71.5	61.5	76	74	41.25	42.5	56.5	52.5	40.5	37	41	43	34	38	36
VI003480BG	65.25	65.5	93	53.5	54	69.5	NA	80	74	35	34	47	48	37.5	37	39	46	NA	36	36
VI003490AG	67.25	66.5	91	56	62	72	72.5	75	78	39.75	37.5	56	52.5	42.5	45	48	46	50.5	41	38
VI003493BG	65.5	71	93	62.5	NA	67.5	69	80	79	37.25	38	49	45.5	40	NA	48	NA	52	57	43
VI003514BG	63.25	71	93	58.5	58	73	70.5	NA	80	36.5	39	58	52.5	40.5	51	NA	NA	51	NA	48
VI003517BG	63	78	99.5	57.5	57	73.5	72	82	78	36.25	55	56.5	56.5	38.5	36	47.5	45.5	50.5	56	45
VI003534AG	65.75	83.5	95	56	NA	71.5	68.5	70	74	35.5	56.5	51	52	45	NA	49	47.5	34	45	36
VI003534BG	73.5	76	94	54	56.5	69	71	88	78	43.75	56.5	54.5	53	36	41.5	NA	44	46.5	46	45
VI003548AG	73	NA	85	54	57	71	61	NA	NA	37	60	51	48.5	45	42.5	46.5	46	51.5	NA	NA
VI003554AG	69.6666666666667	65	96.5	56	58.5	74	58	NA	78	42.5	43	57	52	42	37	46.5	48.5	39.5	NA	38
VI003560BG	69.3333333333333	NA	85	56.5	53	73.5	68	NA	78	38.5	57	53.5	48	39	37	50	46	50.5	NA	45
VI003563A-BR	66.25	64.5	105.5	56.5	54.5	73	56	80	79	35.75	37.5	51	48	36.5	39	48	44.5	44	40	45
VI003577AG	70	78	97.5	64	57	69.5	61	81	79	36.6666666666667	52.5	54	52	46.5	44	46	43.5	40	42	45
VI003602AG	64.5	66.5	91.5	57	54.5	73	59	83	77	35	36.5	51.5	46	50	38.5	43.5	NA	49.5	57	41
VI003642AG	70	NA	93	58	58	71.5	73	82	79	38.5	39	58.5	54	40	43.5	43.5	45.5	39	39	45
VI003648BG	63.25	72	92.5	64	55	73	71	82	74	37	38.5	44	52	46.5	45	46	44.5	49	48	38
VI003658BG	72.5	NA	93.5	59.5	NA	69.5	61	NA	79	39.6666666666667	42	55	52	34	NA	39	45.5	48	NA	47
VI003664AG	66	65	93.5	62	55.5	69	58	85	75	37.5	42.5	56	52	43.5	32	47	47	38	39	38
VI003678BG	65.5	NA	91	72.5	55	68	61	85	80	34	55.5	51.5	49	41	46	48.5	NA	47	48	48
VI003685AG	66.25	77.5	93.5	63	52	71.5	64	87	78	37.25	41.5	53	48	46	38	49	44	46.5	55	40
VI003699B-BG	73.5	NA	96.5	81	55	68	74	NA	83	37	56	50.5	46	45	38.5	NA	45	47	NA	59
VI003720BG	70	NA	91	61.5	55	75	69	80	87	39.5	53	56	44	41.5	40	41	45	48	38	37
VI003725BG	72	69.5	94.5	56	59	68.5	54.5	80	73	44.75	47	52	48	40	47	51	44	31.5	45	35
VI003733BG	71	82.5	93	55	60	NA	68.5	83	80	40.3333333333333	52.5	56	52	34	54.5	40	49	47.5	41	48
VI003734B-BR	72.3333333333333	NA	95.5	63	NA	65	63.5	NA	80	42.5	58	54	52	44.5	NA	52	48.5	41.5	NA	48
VI003734B-DG	61.75	62.5	89.5	55	53	68	63.5	76	76	32.5	32.5	45.5	46	38.5	36.5	41	45.5	46	38	33
VI003744AG	66	78.5	95.5	59	NA	74	63.5	NA	79	36.75	53.5	54.5	42	41.5	69	50	47	43	NA	45
VI003755BG	61.75	68.5	94.5	56	54	69	65	80	73	35.25	33	52.5	46	40	40	46.5	46	44.5	33	35
VI003760BG	63.3333333333333	NA	94.5	55.5	55.5	64	72	85	74	36.5	40	45	46	36	43.5	NA	44.5	51	41	37
VI003785BG	66	68	85.5	54.5	53.5	67	66.5	65	74	36.75	30	47.5	38	36.5	38.5	36	45.5	49	35	36
VI003795AG	66	72	98.5	55.5	54.5	68	73	70	73	35.5	43	56	39	41.5	40.5	47	NA	38	37	36
VI003801BG	67.3333333333333	65	94.5	54.5	52.5	65.5	70.5	68	77	33.6666666666667	38	47	47	38	38.5	33.5	43.5	50	41	40
VI003882A-BLM	63.75	65	95.5	59.5	58.5	69	64	75	80	33.5	33	57	52	39	47.5	43	46.5	46	43	48
VI003886B-BR	61.5	66.5	89.5	55.5	58	67.5	60	75	72	33.75	34	51	46	36	28	36.5	46	45	37	34
VI003886BY	65.5	62	93.5	55.5	53	72.5	72	72	74	36.5	33.5	49.5	46	37	39	46	47.5	50.5	41	36
VI003893AG	64.75	79.5	94	60	54	NA	72.5	88	75	38.75	54.5	52	50	42	32	47	47	53	46	38
VI003894B-BLM	67.5	NA	85.5	NA	52	71	63	NA	NA	45.5	58	51.5	45.5	36	37	NA	NA	48.5	NA	NA
VI003907AG	63.75	64.5	85.5	56	59.5	71	65	76	70	34	34	58.5	46	37	47	47.5	NA	42.5	41	34
VI003914AG	62	64	85	59	56.5	68	66.5	81	76	33.5	33	44.5	42.5	40	40	34	47	44	39	35
VI003925B-BLM	68.75	66.5	93.5	55	55.5	72	56	70	73	40.5	36.5	48.5	46	38	31	44	45	34	40	36
VI003927AG	63.6666666666667	75	99.5	65	NA	74.5	69.5	80	77	36.75	49	54	42	42.5	50	47.5	47.5	50.5	47	38
VI003929A-BL	68.5	NA	84.5	58.5	55	63	62	82	74	38.5	56.5	51.5	41	44	35.5	38.5	45	45	47	37
VI003942AG	61.5	66.5	88.5	54	55	74	61	72	76	33.75	37	50	45	40.5	48.5	42	47	41.5	41	35
VI003944B-BR	65	68	96	59	54.5	69	71	67	73	37	37.5	46.5	41	43	43.5	44.5	44	46.5	49	36
VI003947B-BR	64	68	102	55.5	55	NA	68	70	74	36.75	36	53.5	46	39.5	37	43.5	42	46	45	36
VI003948B-BR	59.5	65	90.5	54.5	53.5	69.5	58	76	74	31	33.5	43	40	40	38.5	51	47.5	37	40	36
VI003951AG	66	63.5	94	54	59.5	70	63.5	70	74	34.5	33	45.5	52	38	42	39	45	42	37	35
VI003954BG	65	62	91	59	56	67	59	76	73	37.25	37	44.5	46	40	30	46	46	39	42	38
VI003957AG	63.75	65.5	93	56	57	72	58.5	82	76	34.75	35.5	51.5	52	39	34	39	45	45.5	37	35
VI003958B-BLM	60	66	85	54.5	53.5	68.5	71.5	70	76	38.3333333333333	36.5	46	41	36	38	41	46.5	49.5	36	37
VI003959BG	68	68.5	93.5	63	52	74	69	73	75	38	39	40.5	41	42.5	39	47	43.5	47.5	40	37
VI004006A-GM	62.5	NA	91	58	60	73	63	76	78	34	59	54.5	42	39.5	40	44.5	44	44	50	45
VI004010AG	67.25	70	95	57	59	70.5	61	76	76	39	38	52	42	39.5	58	43	43.5	39	37	36
VI004024AG	69.6666666666667	74	102	55	53.5	72.5	68	82	76	37.5	46.25	52	38.5	39	35.5	47	47	49.5	56	35
VI004044BG	70	65.5	93	57	53	75.5	70	75	76	39.75	38	51	52.5	42	37.5	43	44.5	53	38	39
VI004045A-DGM	67.25	66.5	101	56	56.5	72	69.5	82	76	38.75	39	51	51.5	38	34	42	45.5	48	37	37
VI004048A-DGM	62.25	NA	91	56.5	55	NA	70	81	73	33.5	56	52	41	40	38	NA	47.5	48.5	40	36
VI004069BG	71.5	64	95	57.5	56.5	73	61.5	76	79	40.75	36	50.5	48	40.5	39	46	46	40.5	45	45
VI004096AG	69.5	69.5	85	59.5	57	72.5	NA	87	74	38	42.6666666666667	50	51	41.5	45	49.5	47	NA	58	33
VI004096BG	73	NA	94	66	53	69.5	70	NA	82	44.75	56	56.5	49	48	35	46.5	46	43	NA	51
VI004129A-BLM	65	72	94	58	56	72	64.5	NA	89	40	38	55	52	36	37	41	NA	44	NA	60
VI004138BG	68.75	69.5	93	54.5	54	70.5	72	80	78	38.25	35.5	47.5	42	38.5	43	47.5	46	47.5	35	40
VI004145B-BLM	70.3333333333333	68.5	85	59	NA	68	59.5	NA	76	40.5	38.5	46.5	52	41.5	NA	48	45.5	42.5	NA	38
VI004184AG	61	62.5	94	56.5	59	71	72	82	74	32	36	52.5	51.5	41	59	47.5	NA	39	46	35
VI004243B-BR	63.75	65	85	57	57.5	NA	61.5	NA	NA	33.5	43.5	53	48	38.5	43.5	45	46.5	41	NA	NA
VI004244B-BR	61	62.5	89	62.5	58	NA	68.5	NA	NA	33.25	37.5	51.5	41	43.5	44	47	NA	42	NA	NA
VI004297AG	59.5	66.5	89	59.5	56	71	74.5	NA	74	34.25	36	45	45.5	44	30	NA	47	50.5	NA	36
VI004302AG	63.5	62.5	96	54.5	52	65	64	70	74	34	33	47	42	39.5	39	44	46	47	36	35
VI004307AG	61.25	61	90	58	NA	67.5	57	NA	74	34.25	36.5	48	42	42	49.5	41.5	48	42	NA	35
VI004312AG	61.6666666666667	65.5	93	57	55.5	71	60.5	72	76	35.5	36.5	43	40.5	38	44	NA	46	42.5	34	37
VI004347B-BLM	58.75	68	89	56.5	60	71	59.5	65	76	33	39	45	51.5	39	46	36.5	48	35	34	36
VI004351AG	59.3333333333333	62	90.5	57.5	57.5	71	72	72	80	32.25	32	50	42.5	44	38.5	34	44	49	40	48
VI004423AG	62.25	65	93	55	55	70	58	80	75	35	34.5	49.5	41.5	41	40	32	NA	42.5	40	37
VI004432B-BR	59	63	92	58.5	55	68.5	71	70	73	30.5	32	50	39	43.5	40.5	33.5	47	54	35	35
VI004480AG	61.5	62	91	66	NA	NA	62	70	74	33.75	44	51	49.5	46	NA	34	50	40	35	35
VI004639AG	62	68.5	96	60	56	75	56	70	78	35.5	40	55	46	41.5	47.5	49	43	32	40	44
VI004666AG	56	63.5	91	54	54	68	56	76	76	31	31.5	44	38	37.5	38	NA	46	34	37	36
VI004691AG	59.6666666666667	64	93	58	NA	NA	64	76	74	32.5	37	45	39	41	42	45.5	NA	49.5	44	35
VI004694BG	59.25	62.5	91	58	53.5	65.5	59	78	76	32.5	33	49	41	37	35.5	34	44	40	41	36
VI004710AG	65	67.5	98.5	56	57.5	68	63	65	76	36.25	38.5	54.5	54	44	46	37.5	48	46	38	35
VI004734AG	64	66.5	93	63	52.5	NA	62	77	76	32.25	31.5	47	41	41.5	29	36.5	44	32	58	36
VI004743AG	70.75	82	85	59.5	NA	68	71	87	80	41	54	57	52	42.5	40	51.5	42	51	56	48
VI004789BG	68.75	68.5	100	55	57.5	73.5	64	70	76	41	37.5	57	56.5	38.5	41.5	47	45.5	41	37	38
VI004810BG	67.75	67	92	54	53	65.5	74.5	65	76	35.75	34	49	47.5	35	39	37.5	45.5	50.5	40	36
VI004811BG	68	63.5	103	65	57	76	66	80	76	37.5	40	55	56	43	43.5	49.5	45.5	47.5	53	38
VI004822BG	65.5	64.5	94	56.5	54.5	74	57	82	76	35.75	33	52.5	51.5	37.5	36	48	47.5	40.5	45	38
VI004838AG	68	66.5	85	58	54.5	70	61	80	76	38	33.5	54	52.5	41	41	41.5	43	37	37	37
VI004842AG	70.25	71.5	95	58	55	72	66.5	80	77	40.5	38	50	49	42	36	45	47.5	44.5	41	40
VI004853BG	61	65	95	61.5	56.5	74	56	76	76	33	38	53	48	42	40	48.5	45	38	45	38
VI004871BG	60	63	91	56.5	53	64.5	63	NA	NA	31.25	31.5	47.5	47	38.5	36	36	45	46	NA	NA
VI004877AG	63	76	85	57.5	55.5	74.5	59.5	NA	NA	35.75	47.5	54	46	38	42	47	47.5	33	NA	NA
VI004915BG	60	66.5	85	54	56	68	56	65	74	33.75	33	52	47.5	37.5	42	40.5	48	40	37	36
VI004931AG	61	68	93	61	54	69	64	68	76	35.25	38	52.5	48	43.5	38	46	44	50	38	36
VI004933AG	63.75	66.5	93	55	51.5	74.5	70.5	70	76	36.25	37	39	45.5	39.5	36	44.5	44.5	49	36	35
VI004934AG	61.6666666666667	66.5	95	55.5	54	70.5	69.5	70	76	35.75	36	48.5	47.5	38	39	43.5	46	50.5	36	38
VI004937AG	65.5	65	90	57	55.5	73	70	73	76	37	38	48	46	40.5	43.5	45	43.5	48	40	38
VI004942BG	63.25	72	103	55.5	57.5	74	55	66	75	37	44	47.5	46	39.5	34	46	44	46.5	44	36
VI004954BG	67.6666666666667	65.5	105	53	51.5	65.5	62.5	72	74	36.5	33	50	43	36	36	35.5	44	40.5	40	36
VI004956AG	64.5	65	93	57.5	53.5	68.5	82	65	76	35	37	52	47	37	40	41	45.5	58	38	35
VI004957AG	61.5	64	102	56	57	71.5	62	70	76	33.75	38	54	54	44	41	44	47.5	42	41	35
VI004958BG	58.25	63.5	93.5	57.5	54	73	58.5	65	74	30.75	42.5	46.5	46.5	38	36	46	45	40.5	38	35
VI004965BG	64.6666666666667	67	93	59.5	56.5	73	68.5	73	76	38	35.5	46.5	46	42	46.5	47.5	43.5	50	41	38
VI004968AG	66.75	65	85	60	56	73.5	70	65	76	37.25	39	51.5	54	41.5	45.5	40.5	48.5	49.5	40	38
VI004969AG	61	67.5	105.5	56.5	57	74	71	82	73	33	32.5	41	45.5	41.5	42.5	47	45.5	49	40	34
VI004973B-BLM	68.5	69	85.5	59.5	NA	75.5	67	85	76	40.75	39.5	53	52.5	40	56.5	50.5	44.5	46	56	45
VI005022BG	73.6666666666667	65	102	65.5	62	NA	65	NA	80	45.5	52.5	56	42	46	47	49	49	46	NA	48
VI005024B-BL	73.3333333333333	79.5	85	55	53.5	67	64.5	83	78	42.25	52	47.5	43	35	40.5	NA	48	42.5	45	45
VI005030BY	75.5	79	85.5	58	51.5	71.5	56.5	74	81	45.75	51.5	46.5	45.5	33	38	38.5	47.5	34.5	42	48
VI005041AG	67	65	98.5	56.5	58	64	73	NA	NA	36.5	37	48	46.5	39.5	43	36.5	47	53	NA	NA
VI005066A-GM	62.75	64	84.5	55	53	71	71.5	NA	NA	38.75	38.5	50	40.5	37.5	39	45.5	46	49.5	NA	NA
VI014178BG	76	NA	84.5	59	54.5	NA	57	NA	81	48.5	58	55	54.5	45	41	NA	NA	40	NA	49
