Genotype	PodPerPlant_India_2018	PodPerPlant_India_2021	PodPerPlant_India_2018	PodPerPlant_India_2019	SW_India_2021	SW_India_2018	SeedPerPod_India_2017	SeedPerPod_India_2018	SeedPerPod_India_2018	SeedPerPod_India_2019	PodPerPlant_Bangladesh_2017	SeedPerPod_Bangladesh_2017	PodPerPlant_Bangladesh_2019	SW_Bangladesh_2019	SeedPerPod_Bangladesh_2019	SW_Bangladesh_2017	PodPerPlant_Bangladesh_2017	PodPerPlant_Bangladesh_2016	SW_Myanmar_2016
VI000020AY	38.8	14	6.55	3.67	2.995	5.45	12.45	14.5	11.15	6.5	12.225	8.2	19.6	4.935	15.1	3	8.5	10.6	6
VI000099AG	71.6	13.5	4.15	NA	3.12	3.3	11.65	12.5	11.65	5	10.385	10.1	14.3	5.34	10.5	2.55	22.5	7.6	3.6
VI000105BG	61.2	25	17.25	5.1	3.69	3.5	11.75	12	11.3	9	20.3	10.1	22.6	3.85	11.4	2.45	9	9.6	4.4
VI000164BG	49.5	13.5	6.15	3.8	4.19	3.45	11.5	9.5	9.3	5	7.165	9.5	29.5	3.59	11.7	2.7	14.5	6.1	4
VI000170B-BR	91.2	17.5	8.5	5.71	3.65	3.95	9.75	9	8.3	6.5	5.67	8	19.9	3.98	11.4	1.9	8.5	5.9	4.4
VI000175BY	75.55	15	11.75	4.8	4.16	4.15	11.5	12.5	10.15	7	6.7	8.5	25.5	4.21	11.1	2.3	7.5	16.6	4.6
VI000188A-BLM	121.5	26.5	33.8	13.5	3.38	2.45	12	12.5	9.8	6.5	16.735	8.8	30.3	3.985	12	2.3	9.5	18.8	3.2
VI000203B-BR	53.5	22	2.85	NA	3.225	1.85	9.333333333	11.1	8.5	NA	9.5	8.4	24.1	3.915	13	2.65	13	6.2	3.4
VI000212A-BLM	NA	10	14.75	4.6	2.515	3.85	11.66666667	NA	11.95	8	NA	NA	29.6	3.01	10	0	0	7.4	2.8
VI000232AG	65.75	23	8.45	5.6	5.75	3.75	11.5	11	7.3	8.5	7	9.4	20.5	4.545	11.2	2.4	9.5	3.9	5.2
VI000238AG	57.75	22	8.05	2	3.86	2.55	10.75	12.5	11.5	6	NA	NA	22.4	2.97	10.8	2.55	15	4.2	3.4
VI000253AG	90.15	27	6.85	5	4.02	3.15	12.5	12	7.5	6.5	13.7	10	9	3.5	11.4	2.55	13	31.8	3.6
VI000316AG	60.65	25.5	4.45	2.8	4.2	3.35	12	13	9.8	8.5	12.7	11.8	18.4	4.045	11.2	2.75	12.5	4.9	3.8
VI000317BG	61.5	36	12.75	6.8	3.99	2.45	11.75	12.5	12.3	7	9.3	9.4	27.1	3.585	10.6	2.5	18.5	5.6	4.8
VI000319AG	97.9	32	31	4.65	4.31	3.05	10.75	12.6	11.35	6.5	26.6	10.1	34.3	3.875	11.3	2.75	14.5	15	3.6
VI000380AG	47.55	8	5.3	5.4	3.15	7.15	11	13	12.3	7	7	9.6	22.4	4.31	10.9	0	0	21.6	7.6
VI000461BG	85.6	19.5	10.05	7.45	3.56	3.25	11.75	15	11.15	6	8.4	11	19.4	2.89	11.4	2.6	15	16.2	4.2
VI000470AG	49.4	12	13.8	3.2	4.7	6.1	10.25	9	12.45	7	7.4	7.4	25.5	5.575	11.5	2.8	11.5	10.2	8.2
VI000532BG	111.1	27.5	13.75	8.2	2.33	3.5	11.75	13.5	10.5	6.5	9.2	9.8	22.5	3.19	11.2	2.6	17	25.2	2.8
VI000537BG	93.1	31	7.75	6.3	3	2.4	9.666666667	13.1	7.65	6.5	12.1	9	19	4.04	11	2	7	18	3.2
VI000542BY	38.6	17.5	11.85	4.9	3.115	2.2	12	11.5	7.95	7	9.3	9.1	33.8	3.4	11.4	2.95	19.5	4.2	30
VI000551AG	101.3	41.5	4.35	5.5	3.14	2.4	12	12.5	10	7	5.75	10.6	14.7	3.275	11	2.6	23	6.4	3.2
VI000554AG	106.5	43.5	8.65	5.1	3.55	3.9	12	10	11.45	7.5	20	10.6	22.4	3.62	10.7	2.15	16	9.8	3.6
VI000559AG	114.35	23	31.25	7.4	3.2	2.95	11.5	12.5	12.3	7	9.7	8.575	16.02	2.6	8.375	2.65	26	16.4	3.4
VI000578AG	74	33	6.05	7.65	2.83	1.95	11.5	12	11.35	7.5	11.6	9.2	26.3	2.93	12.2	2.7	24	5.8	3.2
VI000589B-BR	55	20.5	7.45	6.125	3.6	3.25	10.5	13	9.65	7	7.8	9.5	21.1	3.395	11	2.3	10	7.1	4
VI000616BG	57.9	39.5	6.35	NA	3.54	2.75	11	13.5	9.3	NA	14.3	10.1	23.78	1.615	10.6	2.2	15	6.8	3.8
VI000618AG	108	34.5	10.05	6.3	3.06	2.75	10	13	11.95	6.5	11.5	8.4	21.1	4.975	11.7	2.75	14	17.2	3.6
VI000625B-BR	55.75	23.5	5.1	7.2	3.03	2.3	11.25	11.5	12.45	9	6.25	10	18.5	3.525	10.5	0	0	6.6	3.2
VI000680AG	89	17.5	7.05	5.6	3.23	2.95	11	12.5	9.8	7	10.9	9	33.9	5.305	13.4	2.15	14	17.4	4
VI000723AG	87.45	22	28.05	4	3.18	2.15	10.5	12.5	12	8	5.6	7.6	21.5	3.44	10.5	2.2	21	15.2	3.4
VI000732AG	64.5	19	5.15	5.5	5.74	2.65	11.75	13.5	10.45	7.5	12.9	9.5	25.4	3.435	11.4	2.55	11.5	13.4	5
VI000735BG	83.25	31	11.45	7.6	6.34	3.95	13.25	12	12.15	7	NA	NA	25.9	4.15	11.6	2.25	9.5	5.4	4.4
VI000736AG	80.5	13	4.4	5.15	3.75	5.45	11	13.5	7	7	8.2	9.4	34	4.17	11.4	2.45	11.5	14.4	6.6
VI000749AG	83.3	26.5	5.75	3.415	3.205	2.85	11.33333333	15	12.15	7.5	12.7	10.3	16.9	4.02	11.3	2.5	14.5	8.5	3.8
VI000764AG	22.8	20	9.75	5.2	3.83	3.55	12	12	11.15	7	5.8	7.8	31.9	3.735	11.1	3.1	11.5	7.8	4.2
VI000766BG	77.95	27.5	7.75	9.2	3.93	2.75	12	12.5	10	7.5	21.7	10.1	16.1	3.565	11.4	2.35	16	16	3.6
VI000805BG	85.35	29	7.75	5.2	4.44	4.45	11.5	12.5	11.8	7.5	8	9.6	28.2	4.905	11.5	2.3	3	12.8	5.6
VI000815BG	70.65	32.5	11.25	6.9	3.96	3.35	11.66666667	10	6.65	9	11.3	9.8	22.1	3.51	11.8	2.5	11.5	16	3.6
VI000818BG	54.8	14.5	10.85	4.5	3.71	3.65	9.333333333	10.5	9.5	7.5	20	7.2	30.6	4.19	10.8	2.95	21.5	7.4	4
VI000852AG	115	23	5.25	11.3	4.48	3.95	12.25	12.8	10.3	7	12.3	9.2	21.5	4.095	10.2	2.1	19	23.6	5.4
VI000938AG	98.2	17	5.85	8.8	3.86	0.5	11.5	12	11.5	8.5	12.9	10.8	24.4	3.08	10.8	2.95	14	9.8	3.6
VI000942AG	90.8	18.5	18.95	4.8	4.69	3.65	11	11.65	11.85	9	7.9	9.5	23.5	5.09	10.6	2.8	5.5	15.4	5.8
VI000953AG	38.4	7.5	4.85	5.3	3.2	5.55	10.33333333	12	11.65	7.5	2	8.5	20.5	3.4	11.9	2.35	9.5	13.6	8.2
VI000981BG	73.05	9	10.75	4.8	3.59	2.95	10	12.5	10.15	6.5	6.2	9.5	16.28	4.15	7.32	3	13.5	7.4	5
VI001023BG	79.9	20	6.55	5.8	5.61	4.65	12.75	13	11.65	6.5	7.2	9.9	20.3	2.26	11.1	2.05	10.5	8.4	5.2
VI001066BG	35	13	10.1	3.2	3.295	4.4	11.5	14	10.65	7	8.9	9.3	14	4.995	10.8	2.7	8.5	2.9	4.4
VI001096AG	65.65	12.5	5.1	1	5.92	5.7	11	13.5	10.8	8	7.6	9.2	24.8	4.22	10.8	2.85	14.5	6.7	7.4
VI001124AG	53.9	10	5.4	4.8	5.3	6.3	11	14	9.15	6	14.2	9.8	27.8	3.3	11.2	2.45	7	18.8	8.1
VI001126BG	NA	23.5	1.5	4.2	6.43	2.5	12.5	NA	7.35	8	NA	NA	9.64	4.01	8.07	2.2	15	3.6	5
VI001162AG	NA	34.5	8.1	NA	2.89	1.5	11.33333333	NA	11.95	NA	8.25	8.2	21.8	3.65	11.6	3.1	11.5	NA	3.2
VI001191BG	47.6	26.5	7	5.4	4.66	5.1	13.25	11	11.45	8	9.9	9.1	30.3	2.945	11.2	3.25	6.5	11.2	6.1
VI001211AG	65.1	19.5	9.6	4.6	3.05	4.8	11.5	12	10.8	8	10.1	9.3	31.2	4.18	10.4	2.2	13.5	28.4	6.2
VI001221AG	46.8	NA	5.4	4.375	NA	5.95	11.75	13	12.8	8	8	9.8	24.9	3	11.9	3.2	7	9.4	8
VI001244AG	57.25	5	4.8	5.3	4.055	6	10.75	12	12.45	5	8.665	9.2	16.16	3.97	7.505	3.2	2	5.8	8.6
VI001268BG	109.6	25.5	18.05	4.8	3.57	0.5	11	10	9.95	8	9.6	10	13.98	2.3	6.84	2.8	12.5	19.6	4.8
VI001282AG	106.9	54.5	10.05	9.7	3.38	2.65	9.75	14	10.8	8	13.6	12.2	22.9	3.405	10.6	3.15	28	17.4	3.8
VI001284AG	70.45	35	40.55	7.2	3.41	3.15	9.75	11.5	11.5	8.5	8.9	10.8	20.6	4.455	13.1	2.55	19.5	10.5	3.4
VI001339AG	75.2	12.5	9.75	4.6	6.43	5.9	12.5	13.2	11	9	9.6	7.4	20.9	6.92	13.1	2.1	5	8.6	7.4
VI001385AG	123.25	NA	5.45	8.3	NA	4.95	11.5	14	12	7.5	14.9	11.1	21.1	6.59	12.1	2.55	16.5	10.4	3.2
VI001400AG	73.4	9	4.45	2.33	4.69	3.55	12.33333333	14	11.3	9	10.3	8.9	24	3.54	10.4	2.75	8.5	6.4	4.6
VI001403BR	57.4	6.5	1.15	6	2.745	3.25	11	13	10.8	9	11.1	10.1	19.5	4.395	11.5	2.4	13.5	35	3.8
VI001406BG	97.8	31.5	10.55	7.3	2.73	2.9	11.5	12.5	10.65	7	20.1	9.9	27.7	3.08	11.6	2.85	10.5	22.8	4.2
VI001408BG	75.65	41.5	4.8	5.8	4.07	3.4	11	12	10.45	6	13.1	10.2	23.2	3	11.7	2.6	11	4.8	4
VI001411AG	135	NA	8.45	3.5	NA	1.95	13	10	9.65	6.5	12	10.4	20.5	4.23	11.1	2.8	15.5	14.4	3.6
VI001412AG	98	37	5.45	8.5	3.18	3.85	11.75	14	11.85	7.5	14.7	11.4	28.8	3.97	11.4	2.4	11.5	10.4	3.8
VI001419BG	121.9	43.5	6.45	4.75	3.15	2.45	10.33333333	12.5	11.65	6.5	13.8	9.3	22.3	4.375	11.2	2.9	19.5	18.4	3.8
VI001435AG	73.6	24.5	16.75	4.165	3.32	3.15	11.5	14.5	10.5	8	8.4	8.6	18.8	4.28	13.9	3.3	12	7.6	4.2
VI001448A-BLM	29.3	32.5	18.35	3.7	2.91	3.55	10	13	11.15	6	6.5	7.85	25.5	4.51	11.2	2.7	11.5	NA	2.8
VI001471AG	80.35	31.5	13.2	4.5	2.42	3.7	11	13	10.65	6.5	15.7	8.3	24.9	2.95	10.9	2.65	9.5	14	4
VI001482BG	97.8	44.5	12.85	6.7	3.85	3.15	10	13	12.3	8	9	5.8	19	3.91	10.7	2.1	10	6.8	4.2
VI001490AG	134.25	29.5	10.15	NA	3.48	2.15	11.75	13	12.5	8.5	11.6	9.7	26	4.435	11.6	2.45	14	23.6	3.6
VI001509AG	45.75	36.5	7.15	10.7	3.275	2.65	11.5	10.5	11.3	8	12.2	7.5	22.5	3.555	11.6	2.95	17	10.2	3.8
VI001514AG	104.7	37.5	17.45	3.45	2.31	2.85	11	12.5	11.5	8	21.7	9.6	11.6	2.78	9.4	0	0	8.2	3.8
VI001520A-BLM	NA	38.5	8.55	7.4	2.67	3.25	10.66666667	NA	12.15	6	17.3	8.5	18.4	2.85	12.2	2.3	15.5	1.2	2.8
VI001533BG	34	36.5	0.35	NA	3.2	1.55	13	15	6.5	NA	5	9.4	NA	NA	NA	2.45	11	NA	3.6
VI001535BG	80.9	20.5	13.9	4.625	3.23	4.15	11	12.5	12.65	7.5	17.1	10.4	16.7	4.31	11.3	2.05	11.5	24.4	4.4
VI001539AG	91.9	25.5	5.85	6.5	3.71	2.35	10.66666667	13	10.95	6	15.25	9	20.6	2.645	11.2	2.6	12.5	1.5	3.6
VI001548AG	94.25	23	13.75	8	3.32	3.25	12.25	12.5	7	8.5	17.95	9.5	17.26	2.875	7.53	2.5	12.5	16.6	3.8
VI001556BG	NA	12.5	0.3	9	3.15	1.55	11.5	NA	5.8	8	14.8	9.5	18.8	3.67	12.2	2.45	10.5	2.2	3.4
VI001557BG	111.95	22	18.15	7.1	3.35	3.6	11.75	11	12.15	7.5	9.6	8	19.8	3.215	11.3	2.15	12	19.2	4
VI001562AG	55.25	32.5	14.3	5.865	2.84	2.55	11	12	12.15	7	9.5	11.2	20.2	3.295	11.6	2.65	10.5	26.8	3.4
VI001576BG	86.25	10.5	9.85	7.45	3.02	2.75	11.5	15	12	6	13.9	10.9	21.9	3.085	11.1	2.7	15	25.8	3.4
VI001579BG	84.7	25.5	7.5	9.8	3.86	3	11.75	14	12.3	6	6.7	9.65	37.1	3.445	10.9	2.45	9	17.4	4.4
VI001605BG	78	15.5	19.25	6.3	4.465	2.65	11.25	12.5	11.85	7	6.4	9.6	37.6	4.92	12.8	2.7	24.5	11.3	4.4
VI001612AG	69	26.5	7.85	NA	2.62	2.35	11.75	12	10.95	NA	19.675	9	37.4	3.45	10.8	2.2	10	4.9	3.6
VI001628AG	84.25	29	7.05	4.6	3.62	3.65	12	12	9.8	6	25	8.9	21.8	2.515	11.9	0	0	2.3	2.8
VI001651BG	91.35	53.5	15.3	7.6	3.18	2.95	11.75	12	10.15	6.5	13.7	8.6	24.4	3.13	11.8	3	17.5	7.8	7.4
VI001652BG	79.65	17.5	15.6	8.1	2.8	2.85	11.33333333	9.5	6.65	9	7.8	8.6	23.3	3.17	11.4	2.7	10	13.6	4
VI001654BG	85.5	28.5	3.85	7.85	3.09	2.75	12.66666667	12	6.5	6	8.5	8.4	27.4	3.22	11	2.9	13.5	12	4
VI001678BG	96.5	15.5	3.9	8	3.78	3.35	11.33333333	12	8.95	7	9.9	9	18.8	3.855	10.7	0	0	9.4	4
VI001692AG	92	23	14.65	7.175	3.04	2.65	11.25	14	6.8	7.5	10.5	10.3	20.9	4.775	11.4	2.85	13.5	23.6	3
VI001698BG	60.5	20.5	14.85	8.1	4.13	3.55	12	12	13	8.5	11.3	10.1	19.4	3.115	11.1	2.3	18.5	14.24	3.2
VI001728AG	NA	35	7.85	10.7	3.12	2.65	11.25	NA	11.3	7.5	10.6	8.6	25.6	3.24	11.8	3	15.5	2.3	3.2
VI001733BG	90.5	18	8.2	9.7	5.86	4.5	12.33333333	12	12.3	6.5	9.3	10.2	24.4	3.35	10.7	2.85	16	18.2	4.4
VI001743BG	85.1	27.5	10.85	2	3.63	2.65	11.33333333	12	10.15	6	10.3	8.8	15.8	3.44	11.4	2.95	19	8.9	3.2
VI001756BG	107.7	29.5	1.75	7.4	3.57	3.25	12.25	12.5	10.8	7	6.8	8.5	25.7	3.575	11.1	3	46	6.2	3.8
VI001762A-GM	40.5	11	NA	5.6	3.35	NA	11.25	9	10.7	7.5	13.4	10.6	23.5	3.755	11	2.2	15.5	2.2	3
VI001806AG	38.75	15	8.75	4.6	2.995	2.85	9.5	12.5	9.35	NA	7.75	7.5	19.6	4.365	12.4	2.95	15.5	0.85	3
VI001806BG	82.1	18.5	12.85	5	3.05	3.8	11.75	13.5	11.8	8	30	8	17.2	4.5	10.8	0	0	NA	3.8
VI001820BG	48.05	15.5	9.35	5.2	2.83	2.6	11.5	14	11	7	13.6	10.6	23	3.88	11.8	2.65	8	23.2	3.4
VI001859BG	69.25	13.5	4.25	6.2	4.41	5.3	12	12.5	10.15	7.5	4.6	8.1	36.4	4.63	11	2.15	6.5	7.2	6.2
VI001974BG	79.6	17.5	8.85	3.75	3.49	3.35	12	14	8.8	7	9.3	9	8.8	2.56	11.2	2.6	16.5	15	4
VI001993BG	101.05	23	10	9.2	4.2	3.1	12	12.5	11.3	8	5.55	8.7	26.5	3.695	11.2	2.55	20.5	4.6	4
VI002009BG	31.3	23.5	20.05	8.4	3.82	3.65	11	13	11.65	8.5	6.3	9.7	20.4	5.12	10.8	2.7	17	11.5	3.8
VI002012BG	79.85	19	7	6.8	4.07	2.95	11.25	14	10.85	8.5	8.6	9.1	22.8	4.225	10.9	2.15	13.5	9.4	3
VI002051BG	98.8	22.5	11.7	5.6	3.78	3.15	11.25	13	10.85	7.5	8	9	27.6	4.295	11.3	2.35	14.5	8.7	4
VI002063BG	61.55	2.5	5.75	2.8	3.15	5.6	13.5	19	13.65	7	7.6	9.8	22	5.135	12.5	0	0	7.6	5.8
VI002173AG	66.9	49	10.9	4	3.15	2.7	10.75	11	11	7	22.6	11	24.1	4.84	11.3	2.25	16	19	3.6
VI002173BG	20	15	5.7	5.935	4.39	2.6	10.25	13	12.15	7.5	NA	NA	20.6	3.815	11.3	2.4	10.5	2.4	3.6
VI002176AG	70	14.5	27.2	3.2	2.55	2.9	12	11	11.8	6	8.925	8.5	17.48	2.51	7.16	2.45	14	18.8	3.6
VI002176BG	88	17.5	14.75	6.8	3.59	3.4	10.75	14	9.95	6.5	7	9.1	17.8	3.71	11.3	3.15	14	15.4	3.8
VI002190BG	93.3	19	11.55	1	4.755	3.7	11.75	13	13.15	5	12.225	9.1	19.6	3.865	10.9	2.2	16	18.8	5.2
VI002195AG	57.65	22	5.85	2.9	5.29	5.5	11.25	12	10	6	7.45	8.3	16.4	3.355	10.8	2.8	7.5	21.4	6.8
VI002197BG	81.8	15	11.75	7.4	4.51	2.7	12	10.9	6.3	8	7.4	8.7	24.9	3.13	11.4	2.45	15.5	14	4.8
VI002206AG	47.6	22	8.55	2.35	5.1	5	11.5	12.5	12.15	5.5	7.3	8.6	16.7	5.46	10.8	2.75	9	15.2	5.6
VI002239AG	62.2	19	6.05	2.625	3.72	2.8	11.5	12.5	7.45	7	6.475	8.2	29.7	4.3	10.9	0	0	12.2	3.4
VI002274B-BL	83.5	NA	6.6	1	NA	3.5	8	7	7.8	7	14	6.3	19.1	5.245	10.8	0	0	NA	6
VI002284BG	44.95	11.5	0.85	4.2	3.52	2.6	10.25	15	12.15	7.5	NA	NA	20.4	4.055	11.5	0	0	1.4	3.4
VI002402BG	66.85	9.5	8.05	5.2	4.87	3.5	11.5	13.5	12.45	8.5	11.3	7.3	24.2	4.23	11.6	0	0	14.8	4.6
VI002432AG	40.5	11	7.8	7	7.115	4.3	11	11.5	11.45	9	5.1	8	15.02	3.14	7.865	2.55	9	12.8	7
VI002437BG	70	16.5	7.1	4.035	3.02	2.8	12	12	9.65	7	12.925	9.2	11.8	4.68	7.295	2.4	8	14.8	3.6
VI002456AG	71.3	34.5	4.1	8.8	5.22	5	11.33333333	14.5	12.15	7	6.7	9.1	21.5	4.15	11.2	0	0	12.8	6.4
VI002469AG	83.5	28.5	13.25	5.465	5.02	3.25	12.5	12.5	11.5	7	16.6	9.3	22.2	4.75	11.2	2.8	10.5	17	4.8
VI002487AG	84.75	32.5	3.8	3	4.02	2.8	12	14.5	9.8	7	11	9.7	23.2	4.335	11.2	2.3	10.5	18.8	3.6
VI002523AG	75.5	25.5	15.1	5.85	5.82	4.2	10.5	13.5	11.8	7.5	5.6	6.8	19.2	5.295	11.3	0	0	19.4	6
VI002529B-BL	130.7	24	2.05	4.8	5.135	1.1	11	8.5	8.35	9	11.2	7	20.9	5.18	10.9	2.65	17.5	NA	5.4
VI002532AG	35	25	4.7	5.125	3.56	3.7	11.75	13	13	8	11.9	9.7	15.4	4.7	11.1	2.25	12	4.6	5
VI002537AG	74.9	10	5.15	6.7	5	3.7	10.33333333	13	10	9	10.1	8.7	20.6	3.43	11.5	1.4	7	14.6	4.4
VI002569BG	71	7.5	5.55	8	3.15	4.1	11.66666667	12	11.8	7	16.4	10.4	21	2.78	11.4	2.2	7	11.2	6
VI002587AG	64.3	11.5	5.75	6.4	6.48	4.5	11	14	11.5	7.5	4.9	8.6	26.6	3.13	11.4	2.4	13	11.6	6.4
VI002611AG	73	18.5	8	5.2	5.915	4.6	10	13.5	11.15	8	14.7	9.1	22.2	4.18	11.8	3.1	16	11.6	5.8
VI002646AG	61	10.5	4.05	3	3.38	5.6	11.75	14	12	7.5	8.9	9.8	29.4	5.01	11.2	2.4	14.5	12.8	7.4
VI002647AG	56.9	15	2.85	NA	3.05	5.9	11.75	10	9.45	NA	4.5	6.4	19.2	2.7	12.2	3	13.5	16.2	5.8
VI002672AG	74.15	20.5	10.9	2.925	5.39	6.5	12.5	12	10.65	5	NA	NA	14.7	4.315	10.9	3.2	8	9.2	5.8
VI002739AG	52.15	19	12.9	7.1	7.26	3.4	10	12	12.5	8	7.2	10.4	17.48	4.07	10.235	2.6	12.5	5.4	7.2
VI002802A-BR	22.5	19	8.25	7.3	3.47	3.25	11	14	12.15	7.5	8	11.4	20.5	2.735	11.3	0	0	10.6	3.4
VI002859BG	91.7	40	5.3	4.335	3.26	2.8	11.5	13.5	12.5	8.5	9.1	7.8	22.6	2.68	10.8	0	0	30.6	3.6
VI002860AG	93.3	15.5	15.3	3.4	3.19	4	10	11.5	8.5	6.5	NA	NA	25.6	4.18	12.2	1.05	4	13.6	3
VI002872BG	102.8	30.5	24.8	6.7	4.83	2.85	11	14	9.65	7.5	7.3	8.8	22.2	4.335	11.4	3	10.5	16.2	4.6
VI002877BG	82.7	24.5	7.9	10.15	3.68	3.6	11.25	12	10.35	7	7	8.7	23.9	3.445	9.7	2.2	16.5	3.9	3.8
VI002894B-BR	63.8	17.5	10.9	4.825	4.35	4	11.25	14.5	10.15	7.5	NA	NA	17.8	3.795	13.6	2.25	14.5	4.2	4.6
VI002926AG	56.1	10.5	24.25	11.3	3.2	3.35	12.66666667	13	10.15	8.5	20.2	12	23	1.59	10.8	2.2	12	14.6	3
VI002934AG	52.7	31.5	7.15	6.3	4.29	2.55	12	13	10.65	6	7.935	8.5	43.4	3.19	11.6	2.5	15.5	11	4
VI002986AG	68.9	23.5	11.05	6.5	2.93	3.25	11.5	12.5	9.3	7	6.365	9.2	20.1	3.09	11.1	2.95	20.5	24	3.2
VI002993BG	97.3	36	9.15	6.7	3.17	2.25	12.25	13.5	11.65	8	13.8	9.8	16.3	3.73	10.95	2.75	12	13.6	3.2
VI002999AG	NA	18	5.15	NA	3.245	4.65	10.66666667	NA	11.8	NA	15	10.535	33.1	3.235	11.1	2.85	14.5	1.4	3
VI003019A-BLM	NA	17.5	4.6	4	4.44	3	12	NA	10.95	7	8.6	9.6	28.4	3.81	10	2.8	12.5	5.4	4
VI003019BG	50.55	38	2.6	6.25	3.815	4.1	12.5	15	11.65	8	5.55	9.5	16.4	4	14.4	2.4	8	12.3	4.4
VI003034BG	104.85	19.5	4.45	7.8	3.89	3.65	12.5	14	12.15	7.5	NA	NA	23.6	3.58	11.7	2.1	9.5	30.8	3.2
VI003035AG	110	18	7.35	8	3.49	2.25	10.66666667	14.5	10.3	8	13.3	9	21.2	4	10.8	2.4	4	3.2	3.4
VI003057BG	72.4	25	4.35	NA	3.53	2.35	12.25	11.5	11.5	NA	6	8.6	27.4	3.07	10.9	2.45	15	14.2	3
VI003062BG	73.65	32.5	12.35	2	3.34	2.05	11.66666667	12.5	10.8	5	NA	NA	22.6	3.405	12	1.9	5	5.9	3.8
VI003068A-BR	72.9	19	16.25	2.335	3.21	2.25	11	11.5	10.3	6.5	10.35	8.3	9.5	4.62	11.4	2.55	14.5	8.8	3.2
VI003070AG	79	25.5	8.85	4	3.09	2.7	12.25	12	12	8	NA	NA	17.2	3.72	12.6	2.8	19	11.7	3.4
VI003083BG	79.4	16	5.85	7.3	3.49	2.75	11.5	13.5	12.15	8.5	12.7	9.6	12.52	3.23	8.04	3	12	14.8	3.4
VI003114AG	93.2	23	9.25	9.5	3.27	3.25	10.66666667	13.5	8.65	6	15.6	8.4	18	6.48	11.6	3	21	5.9	3.8
VI003135B-BL	78.1	23	14.55	4.9	2.31	2.95	10.25	12	6.65	8.5	7.9	9.2	18.7	3.395	10.4	2.65	16	12.4	2.4
VI003159AG	83.6	34	2.55	NA	3.365	1.25	11	13	8.65	5	NA	NA	29.6	5.1	10.8	2.3	15	10.8	2.8
VI003172BG	105	39.5	11.75	6.2	3.18	2.75	11.5	12.5	11.85	8.5	11.15	9.1	22.8	4.2	11.1	2.7	14.5	11.7	3.6
VI003181B-GM	56.1	19.5	6.55	2	3.25	2.05	10.25	15	8.65	5.5	8	9.1	21.6	5.185	12.3	2.2	16.5	2.1	3.6
VI003183AG	95	34	12.85	7.8	2.02	3.95	10	11.7	10.45	8	NA	NA	22.4	3.94	11.6	2.7	13	NA	3.4
VI003187BG	105.2	24	5.25	15.1	3.63	3.85	10.5	11	12.15	6.5	19	11.4	24.3	4.09	10.9	2.8	3	13.6	3.8
VI003212B-BLM	70.7	34.5	9.75	3.33	3.17	2.55	11	11.5	12	7	14	9.9	18	5.95	12.5	2.95	12	14.2	2.8
VI003220AG	69	18	13.95	5	4.84	1.95	12	13	11.35	8.5	NA	NA	28.4	2.955	11	0	0	9.6	4
VI003232AG	35.35	19.5	4.75	9.125	3.23	1.95	11	11	12.45	8	10.2	9.4	25.5	2.99	11.7	2.5	11.5	2.3	3.2
VI003235AG	44.8	26.5	1.75	NA	3.15	1.55	11	14.5	11.5	NA	40	10	22.4	4.74	11.2	3.55	13	9.7	3.4
VI003242AG	50.9	30.5	7.75	5.6	4.14	2.75	11.25	12	10.15	6.5	12.85	8.25	29.1	4.205	10.9	2.55	27	15.6	3.8
VI003251A-BL	63.45	37.5	16.15	6.2	2.64	3.05	10	13	10.3	7	8.4	9.4	25.5	5.05	11.3	2.3	22	9.4	2.8
VI003251A-BLM	106.4	26	13.35	6.3	3.13	2.05	10.75	13	10	7.5	9.3	7.5	26.7	4.395	10.6	2.45	15.5	17.4	3
VI003252BG	NA	12.5	5.35	7.5	1.81	3.25	12	NA	10.45	8	NA	NA	17.5	4.605	10.6	2.3	11	7.5	2.4
VI003255AG	109.8	18	10.35	4.2	3.14	2.45	10.25	11.5	11.35	6.5	8.9	9.4	26.4	4.38	10.3	1.05	4.5	6.1	3.6
VI003276BG	NA	15.5	15.75	8.7	3.57	2.65	11	NA	10	7.5	NA	NA	18.2	4.26	11	2.55	13	4.7	2.8
VI003329AG	56.8	18	6.75	7.035	3.15	2.15	10.5	11.6	11.15	7.5	9.6	10.9	38.8	3.295	10.5	2.885	15.5	7.1	3.4
VI003332AG	76.25	12.5	6.75	5.9	3.23	2.75	10.66666667	12.5	12	7	7.7	8.7	24.8	4.06	10.8	2.4	12.5	20.4	3.2
VI003337BG	47.3	24	NA	8.4	2.755	NA	12.66666667	12	10	8	11.6	8.7	21.8	3.985	10.6	2.55	5	12.7	3.6
VI003364AG	87.65	19.5	11.05	4.2	5.3	4.45	13	12.5	11.5	7	8.6	9.3	21.2	5.465	10.9	3.1	11.5	14	4.2
VI003379BG	67.85	29.5	1.75	7.2	4.06	4.05	10.75	13	11.15	7.5	NA	NA	24	4.35	10.4	2.5	15.5	7.9	3.6
VI003382BG	87.15	17.5	14.35	3.65	3.5	2.75	10.75	11.5	10.15	6	15.3	8.8	24.5	3.445	11.5	2.25	13	9.4	3.2
VI003407AG	76.2	20	9.25	4.1	3.15	2.25	11.5	11.5	11.95	7.5	7.7	9	17.2	3.47	11.4	2.2	15.5	7.3	2.6
VI003413BG	55.4	14.5	6.2	4.9	2.97	3.1	10.75	12.5	11.65	7.5	10.075	7.2	20.2	3.41	11.2	2.9	16	4.6	3.2
VI003440AG	100	31.5	12.45	2.33	4.67	2.9	10.75	14.5	10.5	8	9.5	9.7	26.3	5.47	11.8	2.3	12	16.7	3.6
VI003455AG	46.1	22	8.45	6.6	4.01	2.8	11.5	13	7.5	7	12.8	8.9	19.4	4.975	11	2.75	11.5	34	3.6
VI003456AG	43.8	14	2.45	3.4	3.03	2.5	12	10	10.8	8	13.3	7.2	28.6	4.16	11.4	NA	NA	8.2	3.2
VI003465BG	95.9	22	10.05	1	2.81	2.5	10.75	14	12.3	7.5	17.1	10.6	20	3.88	11.6	2.85	9	7.2	2.8
VI003470BG	72.4	31	19.75	4.6	2.03	2.1	12	13.1	10.65	6.5	7.3	8.2	20.1	3.44	11.1	0	0	15.6	5.2
VI003480BG	69.1	18.5	9.85	6	4.65	4	11.25	13	12	7.5	10.55	9.9	NA	NA	NA	3.1	15.5	13.8	5.4
VI003490AG	76.6	30.5	12.55	5.665	2.81	2.5	10.33333333	11.5	9.8	7	11.95	6.95	31.5	3.51	12.3	2.85	13.5	19.4	3
VI003493BG	85.8	17	2.45	1	2.81	1.85	10.75	12	9.8	8	12	8.8	14.9	4.22	8.055	0	0	4.3	2.6
VI003514BG	43.6	48	13.9	3.8	3.13	2.5	11.25	14.5	10.95	8	7.5	10.9	22.6	2.56	10.9	0	0	NA	2.6
VI003517BG	30.7	29	3.6	4.5	2.88	4.2	12.25	10	10.5	7.5	9.67	9.8	32	2.95	10.6	2.45	10	2.6	3
VI003534AG	46.65	26.5	0.55	NA	3.85	2.9	11.75	14	9.5	NA	21.1	9.4	21.6	3.435	11.8	2.6	10.5	28	3.4
VI003534BG	68	16	22.6	6.9	3.65	NA	12	13.75	11.5	8.5	10.75	8.1	19.3	4.275	11.4	1.4	4	1.9	3.6
VI003548AG	NA	23.5	9.2	7.9	2.34	2.2	11.5	NA	11.15	7.5	15.5	10.1	13.8	NA	6.58	NA	NA	NA	NA
VI003554AG	36.1	29.5	2.6	2	3.14	1.4	11.33333333	12	11.65	5	11.235	11.9	10.32	4.35	7.985	2.8	16.5	NA	3.4
VI003560BG	NA	22.5	5.75	9.325	3.66	3.35	14	NA	12.3	8	9.5	9.25	20.4	2.56	11.2	2.6	15	NA	4.4
VI003563A-BR	102.4	27.5	14.6	6.6	3.02	3	10.75	14	8.65	7.5	8.8	10.4	20.4	3.595	10.6	1.9	26.5	30.8	3.6
VI003577AG	74.4	21.5	3	4.1	2.91	1.5	10.5	11	9.15	6.5	6	7.9	25.4	4.475	12.2	1.95	5	10	3.2
VI003602AG	68.6	18.5	8.75	5.9	3.98	2.9	12	12.5	8.15	8.5	6	9.8	20.2	3.365	11.1	0	0	4.3	4.2
VI003642AG	85.3	37	6.4	4.2	3.945	0.2	11.66666667	10	11.8	7.5	8.4	9.8	19.8	3.56	11	2.55	13.5	13.4	3.6
VI003648BG	69.65	17.5	3.7	4.4	3.865	3.7	11	12.75	10.95	7	15	9.6	22.6	4.89	12.4	2.35	12	15.6	3.6
VI003658BG	NA	47	0.7	NA	3.525	3.3	10.5	NA	11	NA	16.565	11.7	26	3.54	11.2	2.65	12	NA	3.4
VI003664AG	116.45	23	1.85	6.4	3.835	4.1	12.33333333	13.65	9.65	8.5	14	10.3	19.5	3.99	12.3	3	18	11.4	4
VI003678BG	NA	28.5	15.75	NA	3.585	2.1	9.666666667	NA	10.65	6	15	8	18	3.45	11.6	0	0	0	3.2
VI003685AG	78.9	16.5	12.15	4.5	3.595	3.5	13	11.5	12.5	7.5	10.6	8.4	32.4	4.18	11.5	0	0	8.6	3.2
VI003699B-BG	NA	20	7.6	2.9	2.535	2.5	12.5	NA	7.3	7.5	7	10.2	22.2	4.53	11.4	0	0	NA	2.4
VI003720BG	NA	29	6.6	7	2.395	2.65	11.33333333	NA	8.65	6	10.3	8.3	10.4	3.08	10.6	2.05	19.5	27	2.8
VI003725BG	61.6	34.5	4.45	7.4	3.415	4	12	13.1	8.3	7	8.8	9.2	16.5	4.6	10.6	2.4	11	11.3	4
VI003733BG	50.9	35	3.3	4	3.305	2.6	11.66666667	13	8.5	7	NA	NA	23	3.06	11.9	2.55	21	1.5	3.2
VI003734B-BR	NA	43.5	5.7	NA	3.775	2.9	10	NA	12.95	NA	NA	NA	34.5	3.835	11.5	3.15	13.5	NA	2.4
VI003734B-DG	81.5	30.5	19.15	7.8	4.265	3.55	11.5	11	10.5	7.5	10.9	9.2	19.1	5.26	11	2.5	13.5	25.4	3.8
VI003744AG	61.5	24.5	0.3	NA	3.185	2.85	10	12	11.15	NA	14.3	8.35	16.3	4.385	12.7	2	6.5	NA	3.8
VI003755BG	56.7	30	3	4.8	4.015	2.7	11	11	12	5.5	11.3	10.4	14.8	3.695	11.3	2.9	10.5	19	4.2
VI003760BG	NA	19.5	13.3	3.4	4.365	4	11	NA	11.15	6	14.8	9.7	26.1	3.64	11	2.2	8	8.2	3.6
VI003785BG	92.4	35	12.3	2.7	3.645	2.8	11	16	13.15	8	17.1	10.7	28.5	4.205	11.1	3.1	16	17.8	3.2
VI003795AG	39.7	24.5	15	4.2	3.535	3.2	10.75	12	10.65	7.5	11.2	8.2	14.34	4.12	11.2	0	0	28.5	4
VI003801BG	110	24.5	4.7	2.8	4.825	4.4	11.5	14.5	12	8	7.15	10.6	22.8	3.32	12.4	2.65	21	20.2	4.8
VI003882A-BLM	57.9	17	22.8	5	5.145	3.3	12.25	11.5	11.65	8	21.66	10.4	19	3.87	11.8	2.3	11	12.3	3.8
VI003886B-BR	70	43	9.7	6.325	3.575	3.4	12	12	11.3	5.5	8.2	9.6	11.5	2.945	6.31	2.95	15	3.2	4
VI003886BY	80.8	48	6.45	8.4	3.775	4.05	11.25	13.5	9.85	7	13.75	9.5	23	3.15	11.2	2.3	12.5	21.4	4
VI003893AG	29.25	44	5.7	6	4.045	2.1	11.75	12.5	12.5	7	NA	NA	22.9	3.575	10.8	0	0	2.9	4.4
VI003894B-BLM	NA	12.5	10.6	6.25	2.88	3	12	NA	11	6	NA	NA	24.4	3.43	11.2	0	0	NA	4
VI003907AG	68.85	26	20.2	5.65	3.695	2.5	12	12	9.3	6.5	7.6	11.2	18.1	3.315	11.1	0	0	9.7	3.4
VI003914AG	94	25	0.4	10.3	3.685	0.4	12	11.5	11.7	6	9.4	9.5	22.9	3.435	11.1	2.45	13	12.6	3.2
VI003925B-BLM	101.6	32	7.45	5.7	2.915	3.15	11.5	11.5	11.3	6	9.2	10.1	21.9	3.49	11.2	2.4	14	15.6	2.8
VI003927AG	84.4	39	6.8	5	3.505	2.7	11	13.5	11.8	4.5	18	9	28.7	3.665	12.1	2.6	10	5.6	3
VI003929A-BL	NA	27	7.2	8.9	2.605	2.2	7	NA	12.45	NA	16.7	11.3	25.1	4.195	10.6	3.1	10	5.6	2.6
VI003942AG	68	43	8.6	3.5	2.855	3.3	10.75	9	8.95	6.5	7.1	9.3	25.3	4.415	12.8	1.9	8.5	4.9	2.8
VI003944B-BR	81	13	10.1	4.3	3.955	4.25	10.75	12	9.95	6.5	9.4	9	17.6	3.605	11.1	2.75	14.5	7.6	4
VI003947B-BR	44.3	32	8.15	3	4.185	0.3	10.5	13	12	5	NA	NA	18.4	3.53	11.2	0	0	2.1	3.8
VI003948B-BR	70.55	18.5	8.8	4.4	3.625	3.2	11.5	13.5	11.8	7	9.25	9.1	22.7	3.835	11.5	2.9	13.5	4.4	4
VI003951AG	66.5	25.5	11.2	6.425	4.345	4	12	17	6.95	7.5	6.165	9.1	23.4	5.11	11.5	2.7	7.5	12.2	3.8
VI003954BG	69.1	19	6.5	2.235	4.065	3.4	11	10.5	10.65	7.5	8.95	10.8	25.6	4.71	10.7	2.4	15	2.1	3.6
VI003957AG	75.9	43	2.8	7.7	3.385	2.5	10.5	13.5	7.95	8	7.2	8.2	18.4	4.06	10.8	2.8	20	24	2.6
VI003958B-BLM	73.55	19.5	6.2	7.4	3.285	3.5	12	14	11.65	6.5	5.5	10.9	27.1	3	11.9	2.45	10	11.6	2.8
VI003959BG	114	26	6.85	8.5	3.285	3.25	12.5	13	11.65	7.5	11	10.1	30	5	11.8	2.35	10.5	4.9	3
VI004006A-GM	NA	32	5.8	21	3.085	2.1	11.25	NA	12.15	7	14.2	9	39.2	4.065	11.3	2.1	6.5	3.5	2.8
VI004010AG	84.2	30.5	5.2	2.5	4.075	4.1	11.75	13	8.65	8	11.5	9.9	22	4.86	10.7	2	13.5	30	4.4
VI004024AG	81.375	31	6	11.9	4.055	2.8	11	13	12	8	12.7	9.5	20.9	4.745	11	2.4	17	12.7	4
VI004044BG	81.7	22.5	6.2	7.8	3.955	3.7	11.5	12	12.8	7	7.2	8.9	22	3.615	12	2.5	12.5	14.2	3.6
VI004045A-DGM	112.3	18	30.75	5.2	2.875	2.35	11.75	13.5	11	6	12.9	9.7	20.6	3.62	11	2.45	15	26.2	3
VI004048A-DGM	43.8	27.5	22.4	4.9	3.175	2.3	12.5	10	11.95	8	NA	NA	23.8	4.11	10.9	2.2	8.5	11.6	3
VI004069BG	61	32.5	11.4	3.85	3.965	4.1	10.5	11	10.8	5.5	7.8	9.5	23.4	5.085	11	1.8	4.5	22.6	3.8
VI004096AG	91.25	20.5	5.1	6.75	3.005	2.3	12	13.5	10.65	7	8.815	9.6	NA	NA	NA	2.05	12.5	11.8	3.4
VI004096BG	NA	32.5	1.4	5.1	3.195	2	12	NA	9.3	8	25	10.2	16.6	3.435	12.9	2.2	13.5	NA	3.6
VI004129A-BLM	103.6	12	13.05	7.2	2.445	2.25	9	12	8	9	10	7.6	15.9	3.55	11.4	0	0	NA	2.4
VI004138BG	99.15	27.5	3.95	5	4.185	2.95	12.25	13.5	10.8	8.5	9.1	9	23	3.825	10.9	3.1	10.5	12.6	3.6
VI004145B-BLM	41.95	23	6.45	NA	3.855	3.2	11.66666667	11.5	10.35	NA	13.6	7	23.6	4.04	10.7	2.1	14.5	1.2	3.4
VI004184AG	103.4	42	5.15	NA	4.115	2.65	10.5	13	11.15	NA	6.5	8.665	30.3	3.025	11	0	0	0.66	4.4
VI004243B-BR	47.35	42.5	5.45	4.4	2.525	3.35	10.75	12	10.65	6	8.33	9.8	20.5	3.655	10.9	NA	NA	NA	NA
VI004244B-BR	45.4	22	7.2	2.835	2.885	3	10.66666667	13	8.8	6.5	NA	NA	20.8	2.97	11.4	NA	NA	NA	NA
VI004297AG	90.9	22	5.45	4.33	3.475	3.35	10.75	12	10.65	7	NA	NA	19.5	3.465	11.7	0	0	2.1	3.4
VI004302AG	61.25	19.5	19.5	5.765	3.045	3	10.25	13.5	11	6.5	6	10.6	26	4.18	12.6	2.9	14.5	0.6	3
VI004307AG	69.6	37.5	19.1	5.4	3.245	3.15	10.75	13	11.5	6	6.925	8.5	20	4.265	11.1	0	0	9.4	3.2
VI004312AG	65.85	23.5	8.75	5.435	3.125	2.45	10.33333333	11.8	11.35	5.5	7.6	5.5	22.9	3.6	11.1	2.1	11.5	4.1	3.4
VI004347B-BLM	84.5	28.5	7.7	5.6	3.315	2.75	11.5	9.8	9.95	5	8.085	7.1	25.2	3.535	11	0	0	1.9	2.4
VI004351AG	81.5	24	10.95	4.21	3.385	2.45	11.66666667	11	10.15	6	10.4	9.6	11.8	3.01	12	3.1	9	2.2	3
VI004423AG	61.15	16	7.75	4.65	3.655	3.05	10.75	11	9.8	8.5	NA	NA	20.5	3.55	10.6	0	0	0.9	3
VI004432B-BR	83.7	19	6.7	7	3.055	2.85	11.5	11.5	7.95	7.5	5.635	8.8	10.4	3.34	9.4	2.55	14	3.8	3.2
VI004480AG	60.4	33.5	9.15	NA	3.845	2.25	11.75	13	10.95	NA	11	8.8	10.6	2.01	8.6	0	0	2.2	2.6
VI004639AG	57.5	17	8.45	2.1	4.095	2.65	11.5	12.5	10.15	6.5	12.2	10.6	26	4.81	11.4	2.85	15	8.4	3.4
VI004666AG	60.4	26	3.45	4.2	3	3.05	9	12	11.45	5	NA	NA	20.6	3.625	11.3	0	0	7.4	3.2
VI004691AG	46.9	43.5	0.9	3.5	4.325	2.6	11.25	12	5.65	6	9.6	10	19.1	3.63	11.6	0	0	4.1	3.2
VI004694BG	43.4	36.5	13.15	5.625	4.625	3.35	11.5	12	9.35	7.5	8.425	10.4	15	3.465	10.9	2.8	8.5	5.8	3.6
VI004710AG	59.45	6.5	4.85	3.3	3.225	2.75	11	12	11.5	8	7.8	8.8	23.1	4.105	11.5	2.65	10.5	5.4	4
VI004734AG	69.25	53.5	3.85	5.2	3.875	2.85	10	13.5	8.95	7.5	NA	NA	20.8	4.59	12.4	3.15	15.5	21.8	3.4
VI004743AG	62.8	15.5	3.3	3	3.155	1.65	11.5	12	10.3	6.5	8.6	9.2	22.4	5.19	14.8	0	0	3.1	3.2
VI004789BG	60.25	30	12.55	5.25	3.345	NA	11.5	12.5	12.15	7	8.1	8.7	35.8	3.33	11.2	2.1	9.5	31.6	4.2
VI004810BG	72.2	24	7.05	7.9	3.825	3.95	12.25	12	10.65	6	6.4	8.7	25.6	3.035	11	2.6	11.5	23.4	3.2
VI004811BG	89.4	15	20.75	5	2.725	3.25	10.75	12	11.5	6.5	15.6	7.4	35.6	2.695	10.3	2.85	11.5	23	2.8
VI004822BG	117.5	37.5	7.05	5.2	2.295	2	10.75	13	12	7.5	16	10.3	34.8	3.385	9	2.4	12.5	18.2	2.8
VI004838AG	89.4	25.5	8.6	5.4	3.275	2.6	11.75	15	10.95	7	9.3	10	33.6	4.535	11.2	2.8	23.5	9.3	3.2
VI004842AG	77.05	18	10.9	1.67	3.875	2.7	11.33333333	12	10.85	7	13.7	10.6	20.3	3.3	11.5	2.55	12.5	4.9	3.4
VI004853BG	110.4	28.5	10.7	6.8	3.375	3	12	12.5	11	7.5	12.9	10.5	13.4	4.92	11.2	2.55	13.5	26.4	3.6
VI004871BG	108.9	23	15.95	7.8	3.265	3.1	10	12	7.3	9	22.3	9.6	25.9	3.5	11.2	NA	NA	NA	NA
VI004877AG	70.2	13	12.55	6.8	3.215	2.7	11.5	11	12.3	7	14.6	10	29.3	3.805	10.8	NA	NA	NA	NA
VI004915BG	78.2	16	8.55	2.965	3.925	4.6	12.25	14	10.5	6.5	10.2	9.2	23.1	4.49	10.9	0	0	12.6	5
VI004931AG	72.2	11	12.35	6.4	4.025	2.95	12	15	11.8	6	10.5	10.4	16	2.88	12	2.7	16	21.4	3.4
VI004933AG	125	41	12.55	7.2	4.115	2.85	11.5	11.5	11	7.5	8	9.865	21.8	3.69	11.1	2.4	14	12.8	3.2
VI004934AG	106.7	19	0.7	5.2	3.805	3.25	12.5	13.5	11.3	7	11.3	9	33.3	4.28	11.2	2.45	13	7.2	3.4
VI004937AG	49.4	35.5	8.75	5.725	3.235	3.25	11.5	14	9.3	7.5	17.6	10.6	22.5	3.905	11.3	2.4	11	42.6	3.4
VI004942BG	62.95	43	13.75	5.2	4.705	4	12.25	12.5	11.35	8	16.6	9.8	23.7	3.94	12.1	3.15	17.5	14.8	4.4
VI004954BG	57.9	43.5	8.25	4.3	4.025	4.65	10.33333333	13.5	9.3	7	8.2	7.4	27.1	4.565	11	2.4	14	12.2	4.4
VI004956AG	58.3	23.5	12.15	5	3.605	2.95	13	13	10.5	6.5	8.9	9.9	27	5.31	10.8	2.3	12.5	16.8	3.2
VI004957AG	78.8	40	14.45	3.2	3.585	4.05	12	13	11.15	7	11.25	9.8	21.5	3.53	11.8	3.05	13	28	3.8
VI004958BG	53.1	15	12.85	3.9	5.415	4.25	12.75	13.8	12.15	7.5	8	10.3	18.3	6.015	12.4	2.55	17.5	13	4.8
VI004965BG	48.4	39	18.75	1.75	3.795	3.65	12.5	13	11	7.5	9.1	9.4	21.2	3.44	11.3	2.55	24.5	33.8	3.8
VI004968AG	76.05	37	9.4	6.4	3.565	3.7	10.5	13	11.8	7	9.825	10	33.8	3.735	11.5	2.96	14.5	12.4	3.6
VI004969AG	78.75	18	6.05	5.775	3.745	4	10.75	13	12.65	7	9.7	9.2	14.9	3.85	11.4	2.65	16.5	14.6	3.6
VI004973B-BLM	102.7	50.5	23.45	3.2	3.185	2.95	12.25	13	12.15	7	9.5	9	29.6	3.22	12	2.3	15	21.4	3.2
VI005022BG	45	19	0.55	6.135	3.435	3.8	12.33333333	10	7.5	8	30	10	12.6	4.11	10.8	2.9	16.5	NA	3.8
VI005024B-BL	81.5	13.5	NA	7.6	3.15	NA	9.333333333	8	9.7	7.5	7.45	6.2	11.1	3.035	11.3	2.7	15.5	0.55	5.6
VI005030BY	44.85	16.5	7.7	6.4	3.11	3.2	11.33333333	12	8.5	7	8.6	8.4	19.9	2.65	10.6	2.65	6	7.9	4
VI005041AG	46	19.5	16.4	4.7	6.925	6.1	11.75	13.4	13	7.5	10.9	10.8	13.6	2.77	11.6	NA	NA	NA	NA
VI005066A-GM	81.2	17.5	7.25	4.4	2.995	3.25	10.5	12.5	10.95	7	15.3	8.5	34	3.315	9.6	NA	NA	NA	NA
VI014178BG	NA	17	11.85	6.6	4.295	5	11	NA	9.5	7.5	NA	NA	12.5	3.66	10.6	0	0	NA	4.4
